55
65
56
63
56
65
60
69
52
55
60
64
45
72
46
37
51
49
53
54
64
54
60
81
56
61
61
48
54
49
64
59
67
55
60
57
57
80
59
60
64
60
56
68
69
51
66
47
76
51
61
54
66
71
66
78
63
68
49
61
60
52
66
44
69
72
73
68
48
60
65
68
56
73
65
59
59
70
50
63
57
59
63
55
61
62
69
56
57
71
79
69
62
55
52
54
68
52
56
52
67
62
64
55
51
64
58
67
47
61
61
74
65
59
54
54
54
71
72
69
60
72
62
57
63
54
48
60
45
61
60
66
65
69
67
62
61
52
67
64
70
55
55
65
72
64
56
68
69
58
45
73
56
67
66
52
61
60
57
63
66
68
59
62
59
53
71
54
60
71
61
56
71
72
60
62
51
64
71
59
53
44
52
58
67
55
64
61
54
57
55
61
67
60
59
59
53
58
64
62
63
52
64
61
61
51
66
62
66
71
51
59
55
60
62
50
70
75
63
59
61
68
50
83
76
76
60
52
64
59
63
71
60
66
48
59
54
67
61
71
64
51
54
50
64
63
73
65
64
52
61
65
47
58
54
56
58
55
65
43
54
58
60
64
51
67
57
74
61
56
71
71
56
70
65
55
59
49
65
67
55
63
63
58
66
64
53
52
58
49
61
67
58
62
60
69
58
63
62
47
80
64
60
61
52
57
63
56
73
50
60
56
59
72
66
67
60
53
58
70
58
69
56
62
55
78
61
57
65
58
46
63
56
62
58
56
61
62
72
58
47
64
66
59
69
56
69
62
62
73
69
53
55
66
64
58
60
52
62
60
57
60
60
69
63
49
75
62
63
62
71
53
71
60
71
59
75
60
58
53
62
70
62
66
56
55
59
58
54
48
65
54
59
62
65
54
66
57
69
59
46
47
58
60
60
60
61
60
85
62
56
63
62
65
71
59
58
52
52
50
67
50
46
55
58
66
55
60
56
54
66
52
60
60
71
53
57
50
76
57
52
70
47
59
64
59
61
58
62
56
57
69
48
64
73
66
56
56
66
63
71
76
44
61
68
58
79
57
57
53
69
59
58
58
52
67
53
72
67
77
56
53
76
76
60
72
58
48
57
86
71
58
65
57
62
49
57
58
56
57
66
47
69
64
53
76
53
51
46
61
59
55
64
60
44
49
60
63
60
56
56
55
60
72
53
65
50
58
65
52
53
70
65
62
55
61
69
59
56
61
65
65
52
60
65
61
68
65
60
64
58
68
58
60
55
50
66
69
62
64
50
68
57
59
67
63
65
54
50
53
65
60
61
45
58
71
59
71
57
62
58
55
56
60
52
65
61
59
54
76
56
60
72
69
67
78
78
71
61
47
59
67
64
50
59
57
55
62
51
59
63
62
65
68
57
58
59
52
49
70
56
56
56
72
61
56
61
59
67
62
41
66
80
65
64
62
57
63
58
48
64
58
61
52
55
68
64
65
60
55
57
58
49
54
62
65
62
60
62
55
49
72
62
70
65
61
68
60
72
72
77
67
76
59
50
55
75
70
61
68
56
64
67
59
67
64
69
58
66
55
62
62
66
55
47
60
66
53
63
53
61
78
65
53
62
58
54
59
55
50
72
52
63
65
63
53
51
56
57
59
68
61
78
56
68
54
53
59
50
61
79
58
49
51
64
60
60
57
64
51
63
74
70
56
63
57
82
71
60
64
56
60
67
57
62
76
58
70
51
65
61
59
51
64
62
59
65
70
60
54
65
63
67
61
60
61
56
59
60
61
57
59
65
56
70
42
59
52
43
67
78
70
77
54
75
54
61
54
67
65
66
70
52
54
58
57
53
57
77
43
62
67
60
82
65
60
72
66
72
53
51
57
59
77
70
60
73
53
60
55
66
58
43
60
42
57
68
68
63
67
58
59
67
59
71
66
60
60
48
60
55
53
69
69
62
59
74
57
61
51
67
54
67
54
70
62
70
59
50
47
60
61
58
73
57
49
63
49
61
62
62
61
69
62
63
62
62
79
65
66
62
56
62
72
69
60
72
58
68
70
74
64
54
74
55
53
68
44
58
55
57
68
63
62
65
67
60
46
71
52
46
55
71
62
72
59
75
71
60
66
60
63
56
53
60
63
58
42
68
61
62
76
50
58
62
74
56
65
60
53
66
62
51
48
63
46
54
50
77
62
53
50
73
74
54
48
61
60
61
52
71
63
68
60
77
58
55
60
59
67
53
53
68
68
82
57
55
64
56
69
52
63
68
55
45
57
63
53
46
68
