175
202
213
193
181
186
178
174
204
162
178
178
169
196
175
189
208
186
200
181
193
186
204
177
211
171
199
189
200
187
180
183
186
182
171
188
196
185
169
190
182
188
164
158
172
168
180
197
191
188
197
184
174
182
180
187
165
203
184
178
200
163
179
185
208
185
190
182
190
183
178
177
178
197
161
206
183
181
169
163
212
200
195
192
177
186
210
173
207
174
197
199
189
162
158
191
197
188
173
181
162
199
195
187
211
194
166
176
211
171
190
167
166
189
189
178
194
148
197
194
192
182
192
179
182
182
213
181
187
179
193
174
167
187
176
194
204
187
187
183
184
204
206
187
190
178
199
194
182
193
187
188
188
181
168
166
195
172
181
190
190
165
186
203
201
175
176
183
174
209
194
192
189
189
192
195
196
175
168
196
183
184
207
189
179
191
185
155
184
198
167
175
207
163
187
202
181
185
188
164
173
208
168
184
207
190
176
192
196
192
169
215
187
157
177
186
189
198
171
186
204
177
185
219
196
181
195
190
200
184
190
193
183
220
194
177
180
180
196
187
186
202
185
196
187
174
174
207
168
177
202
191
177
183
190
189
196
164
181
192
185
170
193
180
179
176
172
188
178
195
176
189
178
163
169
183
166
193
184
187
169
172
185
188
180
175
219
184
162
183
182
168
167
188
180
175
173
155
161
201
175
190
193
188
214
193
192
209
177
165
187
193
187
177
165
164
163
190
172
180
186
164
185
200
191
206
176
184
183
201
166
191
177
170
196
161
174
178
184
191
210
169
207
179
181
194
180
167
192
198
197
187
208
176
173
183
182
226
185
183
218
195
206
175
203
190
174
187
198
189
212
165
174
178
189
169
193
197
194
182
203
173
201
176
202
166
200
204
174
181
199
217
185
193
189
167
209
180
197
186
194
205
203
167
199
177
192
185
168
160
174
200
190
187
192
179
181
186
190
205
179
194
187
202
171
188
158
197
172
186
189
186
176
189
188
171
169
199
190
185
189
173
176
168
179
213
191
201
182
178
211
191
198
176
181
182
181
192
154
183
178
196
169
179
185
172
191
212
176
171
180
159
154
195
177
194
192
193
179
184
174
182
184
193
180
181
199
191
190
201
188
203
167
185
170
191
181
195
196
170
177
187
193
186
183
194
190
180
173
190
191
188
196
175
212
174
187
184
191
167
191
184
212
190
202
166
201
178
189
191
186
200
192
189
172
175
190
181
169
194
171
181
187
185
198
178
181
196
181
175
174
187
162
185
192
178
180
194
178
205
190
186
176
182
190
200
177
175
180
177
192
170
188
171
174
181
172
188
194
185
181
170
199
200
186
172
156
185
178
161
166
195
193
175
181
182
175
166
169
189
194
184
159
202
169
191
203
195
180
178
176
187
186
190
194
164
213
183
177
195
185
193
170
188
183
163
185
197
166
176
165
175
205
158
162
185
199
164
204
212
167
204
197
172
193
169
173
181
176
193
183
173
193
173
170
196
194
168
190
157
181
164
173
179
174
176
200
193
187
168
194
199
176
171
194
207
180
195
200
173
187
197
174
196
159
200
224
185
204
170
172
183
171
177
186
189
219
194
178
208
189
212
207
160
174
191
204
191
179
188
197
202
189
179
188
203
189
183
186
204
196
190
176
208
167
181
189
205
193
175
178
189
163
167
173
179
196
191
185
205
185
202
186
178
184
175
179
172
176
212
176
201
154
168
182
186
149
171
162
175
183
183
183
193
197
173
197
174
202
194
180
182
172
200
184
184
179
182
194
176
197
175
183
183
184
162
188
199
191
228
187
191
169
197
192
210
162
173
191
175
188
181
185
210
198
188
191
197
156
208
186
194
189
197
170
182
200
185
180
199
197
168
178
150
193
198
175
194
173
188
175
178
168
180
174
186
169
175
170
189
184
172
160
185
203
166
161
170
180
175
193
179
186
178
172
184
201
201
172
192
175
209
190
198
178
175
194
183
201
182
194
190
165
174
201
197
178
187
199
178
196
183
181
171
175
192
191
194
222
177
204
174
182
193
180
185
184
195
161
182
185
174
200
196
175
178
159
188
190
166
182
189
195
191
181
179
174
202
204
191
185
190
174
181
179
187
183
184
185
189
205
184
195
214
180
180
209
204
194
180
176
181
152
200
179
161
181
204
162
203
170
203
189
181
189
193
184
193
172
201
195
151
180
183
193
177
185
173
166
201
180
181
199
203
190
177
171
179
183
181
182
204
190
183
194
202
184
193
216
200
189
188
178
179
183
172
189
188
179
168
