79
86
74
99
85
88
79
79
87
106
98
85
102
98
118
100
96
90
99
89
88
90
89
93
102
87
78
97
112
78
94
86
95
83
83
86
92
68
85
90
100
87
88
88
90
92
81
95
94
100
74
85
100
107
77
97
90
91
92
90
89
87
81
91
89
78
87
92
90
100
103
89
86
102
94
98
115
76
96
117
88
98
95
88
93
85
90
87
86
107
95
88
86
96
106
84
93
82
85
91
89
88
90
97
90
94
97
90
72
104
89
79
103
80
92
109
64
103
96
95
87
104
101
83
84
82
83
98
76
87
90
98
94
81
92
90
94
89
93
94
96
94
85
86
106
83
111
91
80
82
90
87
79
98
102
86
92
98
92
80
83
95
87
86
100
87
80
108
86
91
89
95
83
88
78
84
91
80
89
91
89
77
88
84
89
89
83
79
88
81
100
111
84
99
103
96
92
84
82
81
98
77
82
83
78
86
88
92
77
88
111
80
86
115
103
95
96
91
94
88
86
82
83
102
89
94
93
89
83
95
74
68
104
91
80
91
94
103
98
102
98
78
81
104
90
105
87
92
103
88
76
103
86
96
92
73
101
88
92
86
81
98
76
86
93
88
92
101
86
87
87
84
78
91
106
97
104
96
99
87
106
93
104
97
98
78
80
109
102
95
81
98
104
91
99
82
106
100
95
100
90
89
94
83
92
91
93
88
102
79
92
72
113
92
82
93
92
77
111
89
102
94
87
95
90
97
103
74
88
102
89
108
83
97
97
97
84
92
91
86
84
86
86
83
98
82
83
90
109
97
83
83
104
64
92
84
103
90
91
86
110
88
87
102
77
122
96
85
96
78
92
92
97
88
110
95
73
88
84
101
95
81
86
81
99
92
76
87
74
96
96
77
73
96
94
94
89
83
88
82
104
86
81
110
85
70
84
92
86
91
92
96
85
108
102
101
92
82
84
98
85
83
101
95
103
92
85
91
93
96
96
89
90
92
102
107
85
85
87
101
89
85
78
83
101
85
82
75
81
83
94
89
87
85
96
107
79
93
85
113
86
92
87
86
104
89
89
101
98
83
96
70
103
93
105
85
89
79
101
107
77
96
106
95
85
110
83
80
81
79
107
78
86
102
84
96
81
97
85
79
90
99
86
101
97
91
81
95
94
78
90
88
95
87
76
93
86
96
78
98
97
99
104
102
104
91
79
80
92
106
78
94
97
108
77
84
87
83
101
92
97
89
93
95
87
80
92
81
89
82
81
85
99
83
101
82
85
99
81
107
95
91
86
110
87
95
81
72
99
69
74
88
80
85
93
80
92
82
74
104
97
86
91
87
74
88
73
88
86
88
86
93
94
99
78
81
68
75
82
66
93
93
102
90
77
96
101
103
83
78
97
93
100
95
100
112
74
87
89
109
84
89
81
79
92
112
108
96
88
100
88
87
107
77
99
75
82
87
101
88
99
97
103
79
96
89
93
82
89
86
104
98
97
94
103
89
97
102
93
105
104
67
86
93
89
107
85
89
90
78
87
95
96
81
109
92
89
86
83
99
83
85
86
90
90
98
103
91
80
96
103
100
82
81
87
88
86
93
92
104
98
79
92
86
85
91
81
91
79
101
73
91
82
80
115
82
99
97
114
84
85
81
72
90
96
72
97
82
86
94
100
92
93
88
94
96
89
88
88
98
81
99
101
88
106
90
71
87
96
87
97
89
82
98
89
106
87
90
100
104
91
87
95
99
90
99
84
84
90
93
98
99
86
125
101
96
108
76
93
94
80
89
77
93
80
96
74
102
87
91
96
74
69
83
107
81
96
85
89
101
82
79
84
105
86
84
110
70
88
105
91
80
85
90
89
98
83
95
97
82
75
85
75
61
81
86
94
99
94
89
94
91
85
80
98
101
99
74
92
79
95
71
73
86
103
97
80
72
96
87
103
79
81
96
95
86
73
83
107
95
86
67
101
93
85
101
103
87
87
95
99
96
90
95
84
77
80
94
78
100
92
87
94
96
92
83
82
83
72
100
71
95
91
98
88
109
84
95
91
88
82
74
84
75
77
74
104
81
76
87
97
70
98
86
91
82
84
102
91
113
78
85
100
96
84
99
86
88
90
68
89
92
89
73
94
90
80
93
100
94
95
88
81
92
111
81
99
96
104
92
96
83
86
91
91
91
74
97
88
90
108
90
99
90
88
85
96
94
103
87
87
90
95
97
74
74
61
95
86
91
90
95
92
84
87
93
78
86
77
105
101
67
76
84
84
67
92
89
90
97
