199
182
207
155
165
177
183
188
165
160
174
160
163
181
164
192
188
210
170
202
200
160
176
183
171
179
135
175
204
178
184
166
166
169
179
177
148
187
187
179
177
194
189
183
179
173
181
169
169
168
176
200
171
206
191
163
190
183
184
158
185
205
184
187
183
176
161
169
195
184
168
159
177
183
176
181
172
169
171
184
188
176
181
174
186
182
182
174
193
198
154
165
197
202
174
181
172
180
174
159
176
175
157
172
172
184
206
187
186
152
174
192
156
183
186
197
183
201
162
191
180
184
176
193
184
157
160
183
203
195
189
179
164
179
178
178
178
176
197
190
190
163
196
184
160
178
168
177
167
175
177
178
180
167
176
191
155
200
168
166
207
201
189
199
181
168
209
182
190
178
201
188
163
181
172
168
173
187
197
182
189
194
190
162
184
189
180
170
163
194
187
156
161
182
168
163
186
202
174
180
162
182
170
187
185
187
183
181
172
201
153
174
173
174
164
171
164
187
174
202
183
163
173
171
176
196
183
177
169
170
196
181
192
180
168
185
191
190
181
165
176
189
201
180
189
179
204
167
198
189
198
163
184
185
172
185
171
183
173
191
194
181
164
197
175
175
190
178
193
181
161
184
184
186
166
187
198
175
173
184
167
195
174
187
174
157
190
199
172
187
209
174
193
160
170
187
157
206
186
195
163
187
195
180
197
189
174
185
180
200
168
186
171
187
164
191
166
178
176
183
190
204
185
160
172
188
165
179
198
174
175
157
190
173
168
200
198
178
164
207
201
190
171
209
169
207
166
192
174
165
155
172
168
210
184
206
176
171
183
182
171
185
175
168
161
161
182
162
184
173
177
175
177
184
179
186
191
185
183
173
165
194
162
179
190
170
167
194
194
203
175
151
167
192
169
181
177
153
158
175
185
191
153
158
177
165
191
164
182
171
196
185
154
166
162
176
169
187
194
175
160
173
183
191
203
163
227
183
177
198
173
168
184
197
186
170
169
160
166
188
180
175
185
161
177
176
180
181
181
155
170
200
170
194
178
195
180
163
182
180
178
160
206
162
178
189
181
166
187
164
192
180
176
174
163
189
184
182
179
192
172
176
148
156
179
181
170
186
168
175
162
181
188
179
167
176
190
184
167
178
180
190
195
163
160
189
178
192
204
167
176
186
166
179
173
176
190
153
171
160
176
174
173
168
201
152
169
192
153
182
182
168
178
169
163
178
162
170
173
180
184
196
182
183
170
181
161
196
181
193
179
178
166
181
185
201
191
171
186
180
196
196
180
178
181
180
171
215
166
210
174
187
154
169
186
174
190
155
192
171
181
209
174
177
191
178
189
172
179
177
175
178
182
180
188
189
187
213
174
175
172
187
191
171
176
194
185
167
179
165
182
200
163
186
161
177
193
204
167
155
186
185
177
179
162
156
157
204
178
200
176
193
171
180
170
174
180
180
172
187
178
171
188
181
184
185
205
154
181
174
178
230
174
176
169
176
183
204
172
195
202
157
167
182
171
193
162
170
155
186
167
172
171
194
210
166
158
161
177
162
168
162
212
181
165
187
168
183
166
165
194
170
174
187
181
187
175
177
170
162
194
168
169
186
201
180
194
154
187
174
189
199
168
188
162
184
166
197
172
187
192
178
165
171
161
175
170
166
196
175
178
206
183
205
168
161
182
174
186
195
169
182
173
179
170
178
183
192
174
178
182
197
200
183
179
152
168
203
198
167
161
177
167
165
194
203
155
186
185
161
181
168
187
167
158
182
179
183
195
195
151
186
171
189
175
185
165
157
168
168
166
182
197
172
180
185
163
187
176
188
178
195
174
161
183
199
183
180
172
181
191
178
144
168
173
151
182
183
190
179
170
185
167
167
181
177
176
184
172
179
172
192
192
177
187
157
171
202
178
194
184
150
180
187
191
190
190
192
191
181
169
193
143
186
171
163
202
194
163
175
179
176
170
194
193
186
165
181
188
152
197
182
182
174
196
159
187
175
154
172
171
185
175
181
195
175
192
175
172
166
168
199
181
181
184
186
178
191
176
190
178
180
162
197
182
192
203
182
196
180
176
180
173
173
177
198
193
182
189
164
181
188
183
168
174
176
173
186
206
178
177
182
183
164
156
161
184
173
153
195
176
204
172
166
179
196
172
194
215
175
194
187
169
169
186
168
198
188
198
176
158
190
183
211
159
180
172
196
175
157
187
176
176
188
188
183
188
201
187
198
185
170
161
162
168
187
203
184
184
157
154
178
172
182
177
185
191
175
178
166
