196
168
200
193
197
223
176
169
180
175
188
218
196
167
180
189
172
174
183
192
182
194
210
184
192
200
183
175
180
158
179
186
176
182
185
187
204
167
171
169
231
187
197
187
192
176
191
204
198
190
169
181
203
188
188
211
184
167
204
184
168
156
189
214
172
174
185
188
169
183
194
191
190
174
189
172
188
208
209
165
184
179
201
202
186
179
192
178
166
194
191
175
169
200
173
196
164
180
178
164
191
188
174
168
195
179
163
162
186
167
195
190
178
164
171
171
199
179
181
191
182
195
190
167
182
191
189
192
186
192
184
160
189
170
163
181
166
172
178
199
189
183
178
210
183
179
182
164
206
203
180
181
179
210
178
180
186
182
190
178
176
177
197
181
194
202
163
167
198
186
204
175
187
192
202
192
206
202
188
188
196
204
177
187
176
173
210
192
183
167
200
183
211
169
193
178
205
191
175
191
172
172
196
165
191
177
200
190
184
168
211
203
187
191
199
193
206
183
168
164
189
192
181
185
192
171
185
178
187
148
177
190
183
173
207
174
184
188
183
168
181
167
180
184
190
183
202
173
172
177
172
183
185
179
159
174
170
192
195
181
190
196
181
189
162
172
179
182
204
203
213
194
207
181
194
168
187
191
185
180
177
192
171
186
174
191
185
161
184
184
166
184
172
196
159
181
207
174
165
179
168
182
187
167
187
185
193
176
170
193
188
189
192
170
187
181
185
193
186
191
177
189
197
195
184
172
178
209
165
177
197
190
191
184
199
183
182
172
202
187
167
166
169
177
196
175
200
187
166
188
200
202
182
203
180
180
185
184
186
176
192
162
209
165
198
156
166
186
175
175
194
201
186
178
174
195
181
189
201
201
196
170
182
207
183
176
208
152
195
188
165
192
177
170
152
178
189
185
183
181
167
171
182
187
190
180
170
193
204
163
189
180
205
156
203
205
180
211
171
225
220
196
180
179
186
188
200
170
183
186
160
180
183
184
148
181
195
197
212
209
186
203
174
171
196
158
174
172
175
171
208
184
180
196
187
177
211
182
201
177
212
175
171
183
197
199
210
171
185
181
186
190
206
178
189
179
187
175
178
174
203
177
189
181
170
171
180
179
181
180
181
177
182
198
173
196
206
165
193
207
191
180
175
204
199
176
168
192
191
179
183
183
190
206
182
176
184
198
172
210
195
201
183
181
189
203
205
191
188
177
190
176
198
198
178
177
205
207
203
209
160
189
180
167
188
186
190
198
172
174
162
171
175
175
193
171
183
218
179
186
165
208
195
191
174
167
174
190
177
157
179
180
202
176
172
180
171
207
168
187
171
189
187
183
186
198
197
198
195
184
193
161
178
180
178
196
204
192
174
178
180
185
183
205
207
170
195
190
215
179
189
186
197
189
174
179
168
185
186
169
197
152
223
202
186
202
169
179
180
177
202
182
182
181
203
184
178
172
176
188
180
188
177
218
184
188
163
183
188
188
171
171
197
180
192
210
161
159
191
195
191
190
203
165
171
191
183
197
184
182
178
199
178
202
190
172
195
185
187
187
168
204
168
176
215
180
197
155
195
192
199
175
210
208
210
191
174
160
183
168
186
183
179
195
191
176
215
177
194
179
195
187
200
185
185
210
197
184
181
193
164
170
223
201
171
161
185
197
180
196
203
194
166
196
209
190
156
180
160
203
177
143
177
196
199
203
168
215
175
196
193
185
184
180
148
196
185
184
201
188
188
191
209
190
182
197
177
190
186
171
176
171
177
181
191
197
188
188
191
200
180
200
194
196
191
187
204
178
194
179
168
161
198
175
177
197
183
174
171
177
192
196
197
197
204
169
165
175
182
170
209
184
183
195
193
187
194
169
174
190
173
180
168
191
197
177
163
169
170
189
165
175
206
184
195
192
168
210
185
197
176
204
175
184
168
205
188
201
204
205
202
179
182
185
198
190
184
177
174
199
186
177
178
188
187
198
188
191
181
199
184
198
190
205
209
192
185
185
190
199
165
176
184
189
199
197
196
194
193
194
186
189
196
170
203
179
198
175
201
174
202
191
176
189
202
182
178
176
187
170
190
162
188
184
192
196
170
183
156
182
179
203
170
180
172
169
173
159
185
174
159
186
193
174
180
183
177
199
177
192
177
184
195
196
165
192
183
192
178
176
186
198
195
187
200
190
186
179
157
183
179
196
197
203
183
197
186
198
196
173
182
182
158
192
199
170
195
186
183
188
214
197
169
204
187
193
179
181
178
179
200
202
190
196
190
177
172
181
183
175
