57
61
68
53
64
67
67
65
54
61
54
70
64
57
64
68
53
50
69
55
59
60
51
53
53
56
55
60
62
64
67
60
60
58
54
75
50
57
62
62
70
59
53
48
55
53
50
49
51
64
58
70
65
62
57
62
52
51
64
49
63
51
52
51
67
58
58
63
65
54
63
53
63
57
66
63
51
57
75
57
55
54
60
64
57
60
60
60
57
59
47
58
59
68
51
69
54
56
58
64
64
50
52
52
52
63
57
52
72
57
58
64
51
57
60
49
60
67
59
58
67
69
69
51
66
61
63
56
58
63
62
62
58
65
61
68
54
69
49
70
56
57
58
60
47
69
59
58
58
63
53
56
44
73
60
60
67
54
54
71
68
55
72
70
70
54
48
55
62
57
66
64
54
58
80
50
57
63
55
60
59
67
64
52
49
57
73
46
65
69
66
44
70
66
52
56
45
68
54
61
67
60
55
54
58
57
61
55
57
52
65
77
63
57
63
49
69
62
66
71
50
53
65
64
74
65
59
49
68
56
59
62
59
69
61
56
53
67
66
69
56
50
55
57
71
61
74
53
70
63
59
52
69
59
50
55
67
58
51
61
59
55
55
70
51
56
55
76
53
56
58
59
44
59
52
58
56
66
61
49
71
49
74
62
46
58
48
69
48
44
59
75
65
58
67
58
59
58
58
62
59
56
62
59
57
67
56
58
66
61
71
56
65
51
49
56
60
70
61
68
59
64
46
69
69
56
68
56
72
73
62
49
57
66
46
65
56
58
65
54
61
54
75
60
51
60
64
59
55
57
64
57
60
56
58
71
56
63
55
58
72
69
53
57
50
66
64
57
71
51
66
54
61
51
43
51
45
68
62
53
62
53
59
61
54
54
60
62
62
59
61
54
64
63
61
55
64
62
61
57
66
61
59
60
68
54
52
66
65
59
60
62
60
58
58
72
50
77
62
75
81
60
60
50
46
53
47
68
68
62
52
61
70
63
58
48
60
61
59
61
43
55
51
58
67
58
63
57
48
62
48
34
61
64
52
45
57
56
62
65
65
49
58
53
58
59
65
58
60
69
51
68
55
54
62
62
60
50
65
58
70
57
70
61
59
56
42
47
57
57
59
62
61
62
54
69
50
59
56
57
49
51
56
60
47
71
60
60
67
62
69
75
53
50
61
60
53
61
63
50
53
57
67
62
76
52
60
54
53
54
62
56
51
44
51
66
69
63
66
54
56
60
47
66
61
59
52
56
61
50
61
49
56
59
52
63
72
74
67
58
65
63
71
49
56
60
51
62
76
59
76
60
58
73
59
62
61
42
56
48
56
69
62
59
58
56
62
52
62
60
64
53
57
57
58
79
61
52
52
61
55
51
59
71
56
42
57
56
65
64
52
55
59
56
56
58
61
74
67
68
62
66
73
64
66
60
66
59
60
44
55
54
56
61
67
68
55
60
62
64
76
59
58
57
66
54
53
54
56
74
67
67
60
63
51
50
64
62
53
59
64
51
69
66
64
50
49
53
56
59
57
46
55
55
55
55
56
54
62
51
67
62
65
64
46
63
60
53
54
67
63
65
70
65
67
58
61
64
64
57
62
50
64
65
55
63
65
40
48
67
52
69
59
66
63
55
42
81
62
47
48
62
68
71
59
49
60
77
54
61
48
66
59
57
47
52
57
54
50
63
46
52
48
64
64
58
66
59
47
62
51
53
66
74
79
50
58
56
66
49
69
54
52
53
47
54
64
53
70
67
56
44
70
61
54
64
66
63
76
42
57
72
48
59
48
57
58
54
60
59
56
54
62
48
50
62
53
62
55
60
60
59
75
61
58
60
75
56
65
56
52
67
53
51
70
64
49
49
67
52
51
68
60
54
53
68
65
55
48
68
54
62
65
66
63
55
63
64
68
47
59
56
63
53
63
58
66
59
64
53
64
57
62
52
65
70
50
61
71
69
62
69
50
52
64
50
62
49
65
64
68
57
54
55
65
56
60
71
67
51
58
78
56
61
62
58
55
62
54
62
63
44
64
49
54
52
58
59
58
48
64
60
58
56
57
50
47
44
59
65
51
58
57
59
61
54
54
49
53
68
59
73
54
60
68
48
59
64
79
57
71
66
67
56
63
67
66
61
76
36
72
61
60
72
57
65
58
53
58
50
65
68
64
60
61
54
58
69
50
58
63
53
56
57
64
61
50
67
51
61
40
47
53
68
68
62
46
63
52
48
53
63
53
60
62
77
65
69
69
55
63
52
60
54
60
59
41
39
61
61
