178
169
182
180
178
182
174
172
156
216
193
187
177
169
213
160
198
171
174
173
166
170
164
164
185
183
176
206
171
185
193
180
197
178
168
177
184
166
175
218
176
167
179
184
185
192
203
169
168
202
193
195
185
207
199
192
183
176
190
176
175
172
174
183
195
203
200
191
183
181
212
180
189
184
181
182
190
191
181
198
181
182
195
189
212
184
189
185
212
189
197
184
184
167
178
165
178
211
167
171
196
186
156
166
177
151
179
185
178
207
175
187
170
186
196
179
173
169
205
199
177
192
167
197
190
190
179
167
191
180
175
185
194
192
151
163
192
179
189
205
171
181
194
172
166
186
176
171
182
176
178
185
177
178
178
186
169
190
173
157
184
173
163
190
178
187
176
190
186
171
156
176
188
189
178
200
179
177
162
181
179
189
193
195
192
156
188
173
168
177
162
174
194
177
183
201
175
171
203
185
188
167
191
174
190
172
194
201
167
163
184
194
200
173
185
206
182
186
154
175
162
174
182
173
171
163
193
182
179
183
200
169
166
172
192
199
185
196
212
163
189
170
184
190
188
168
186
205
182
183
205
178
173
188
145
193
205
180
166
177
184
191
197
168
190
183
166
186
175
188
160
154
188
190
193
203
180
175
178
196
189
169
169
198
183
189
204
183
180
177
183
188
198
188
168
192
195
175
169
175
181
180
174
196
189
170
173
184
196
171
180
196
174
186
184
182
165
173
172
168
198
182
181
166
176
192
163
184
178
174
182
194
192
179
166
179
165
165
170
180
197
199
200
196
183
170
162
196
185
186
179
167
192
198
181
207
171
157
180
192
195
180
188
170
175
179
169
176
187
197
187
177
153
179
186
195
186
168
179
168
188
177
168
196
192
160
185
175
171
194
196
184
171
187
188
186
180
218
181
197
201
192
169
163
214
199
188
176
186
183
179
171
190
168
183
168
197
194
217
187
164
216
192
189
177
198
165
181
180
188
171
181
188
178
188
202
196
192
179
186
162
215
180
190
190
181
162
175
175
202
192
183
172
182
182
160
169
193
182
204
179
189
161
161
185
195
168
175
174
183
194
177
172
186
194
194
169
183
170
163
176
197
209
173
174
177
167
174
158
180
147
186
175
160
179
173
163
162
176
207
180
208
167
183
186
201
187
201
178
181
184
176
205
178
167
167
198
175
186
190
176
188
153
171
196
166
199
180
187
188
183
196
195
192
175
191
183
198
186
183
196
190
183
181
178
184
210
164
158
171
164
191
192
202
184
194
189
193
141
192
178
188
157
176
172
188
178
193
184
192
168
179
196
179
181
168
182
181
186
186
217
177
174
181
190
189
189
175
188
182
197
176
198
192
175
171
191
171
171
158
176
200
183
188
166
185
205
174
160
193
170
168
212
186
178
164
170
158
160
179
164
193
188
186
167
194
173
196
157
198
196
188
189
215
192
162
186
155
154
175
188
188
173
180
173
182
160
159
202
185
181
174
173
197
176
184
186
179
182
171
172
180
194
191
195
193
190
177
216
185
178
192
191
196
189
179
162
180
181
157
172
222
172
171
188
163
165
170
182
183
156
177
170
194
195
172
182
162
174
208
191
193
208
171
192
170
229
197
188
193
179
174
172
183
200
201
164
178
179
175
175
174
186
171
154
184
183
187
205
164
195
183
181
185
182
179
187
169
192
199
177
171
189
171
185
191
177
184
165
196
172
171
178
180
171
184
190
180
186
169
160
203
179
190
171
197
179
183
197
181
171
170
177
194
173
180
194
161
198
180
198
183
177
175
171
181
172
163
190
188
172
181
175
193
162
188
183
152
168
195
171
192
203
206
169
170
199
171
197
183
195
204
165
165
183
170
204
173
189
191
171
195
179
173
171
196
165
177
216
208
174
185
179
204
188
202
199
169
204
182
184
216
175
204
199
168
200
188
178
159
205
180
168
168
198
183
203
187
161
175
191
162
185
170
174
170
201
182
167
186
170
191
187
181
167
196
198
190
193
182
178
192
194
206
197
192
195
184
190
202
180
174
169
198
190
185
189
193
172
166
177
186
198
186
181
183
188
188
188
176
193
207
182
195
192
163
183
208
188
180
187
186
213
186
186
173
167
182
193
178
186
175
195
178
188
190
171
196
191
218
176
170
197
168
179
187
166
203
198
193
163
162
190
193
176
191
179
181
179
190
187
172
163
164
175
179
177
161
179
164
184
178
183
178
196
179
193
181
186
157
194
219
178
186
165
166
177
183
189
176
183
182
167
204
185
176
158
211
190
190
