83
100
87
82
89
91
106
83
105
87
111
90
107
83
100
87
90
90
101
83
95
71
92
100
94
85
93
100
91
80
87
90
91
106
88
82
83
97
117
109
89
94
94
88
99
70
104
97
94
73
83
66
88
86
100
93
103
86
74
73
76
95
95
112
77
83
81
103
88
86
99
95
93
95
99
90
120
107
72
90
106
88
84
96
89
101
85
91
107
101
93
91
100
84
83
103
92
94
84
91
82
93
96
101
89
65
79
86
110
91
90
93
108
104
89
90
118
97
91
85
115
84
92
86
108
96
92
82
86
83
100
92
86
75
88
77
98
102
93
90
94
102
94
91
91
79
92
99
107
83
97
90
83
79
81
87
88
81
85
100
100
103
97
87
82
101
87
91
81
100
89
97
93
84
94
83
101
92
93
105
96
86
89
89
85
88
109
86
82
82
104
99
95
107
93
85
92
105
93
76
82
101
90
90
98
82
82
100
88
86
91
99
86
92
98
92
86
99
68
85
88
93
85
93
80
82
99
85
99
84
91
96
88
101
105
80
82
85
92
113
86
83
101
88
78
90
88
84
99
78
111
83
114
81
97
91
73
102
83
85
110
102
86
79
90
89
87
95
94
101
82
98
79
79
110
100
97
97
93
96
99
99
108
97
87
95
85
104
91
79
92
101
102
95
92
100
107
89
81
86
79
85
95
82
74
102
81
92
86
102
85
90
111
102
94
92
86
99
119
89
105
97
89
101
82
87
106
99
89
93
90
99
85
88
93
110
78
99
104
107
98
87
107
67
107
84
71
101
77
88
79
86
96
92
85
119
76
89
106
98
93
87
90
93
96
83
95
85
91
98
88
83
95
96
105
93
76
75
96
86
82
91
93
80
88
88
84
92
93
86
106
106
87
85
96
93
82
87
97
87
94
99
89
88
105
81
94
82
88
85
87
112
100
91
80
83
80
75
91
74
95
114
102
92
84
86
95
87
99
87
85
84
78
92
83
94
83
97
89
86
91
103
90
107
78
82
97
90
89
88
81
85
98
104
93
90
108
89
92
99
97
90
89
92
107
96
87
84
81
90
98
90
85
91
79
103
92
106
92
91
82
95
98
92
81
80
91
99
101
102
90
102
90
102
79
78
103
85
90
104
93
90
84
79
90
85
96
106
106
79
79
94
86
111
86
104
89
116
82
86
105
85
93
95
86
100
89
98
93
91
103
90
97
103
78
72
87
88
93
78
96
89
96
98
90
89
95
99
99
107
102
103
91
112
78
96
80
77
107
95
100
95
89
99
87
77
102
93
89
91
118
94
80
96
97
96
95
103
88
86
86
98
94
97
111
87
86
80
83
91
107
99
101
73
118
104
94
90
104
104
84
82
89
92
99
100
90
110
111
102
94
99
83
85
90
105
84
106
83
85
106
97
95
84
81
97
88
85
104
88
96
89
80
99
103
84
90
90
101
87
82
70
107
91
99
111
97
106
92
97
94
85
81
91
94
92
96
96
104
75
107
86
90
90
98
86
83
92
95
89
80
82
78
104
111
81
105
104
96
84
104
89
89
104
102
75
88
90
82
83
91
96
88
87
86
75
93
83
92
83
86
97
97
95
82
95
81
91
99
97
106
94
94
85
87
97
86
85
89
87
92
81
81
97
101
86
97
89
99
97
94
91
108
74
73
84
92
75
64
96
102
111
117
84
96
98
93
83
92
83
115
106
99
89
95
93
100
92
97
82
94
95
116
92
108
88
88
93
86
99
104
83
110
96
104
76
84
89
84
96
94
91
78
91
88
83
92
97
87
100
94
85
85
94
90
82
87
101
101
105
81
92
92
95
97
81
106
103
93
85
86
87
84
90
70
82
112
94
108
95
79
68
91
107
98
94
97
99
92
92
105
95
109
97
88
94
89
88
79
91
96
96
94
82
73
95
89
97
83
107
95
87
113
83
83
90
113
96
98
73
87
87
107
93
93
120
90
106
99
75
84
99
91
76
105
81
92
93
92
97
100
82
88
80
103
95
89
82
85
96
96
86
87
88
82
89
91
87
93
88
88
90
100
102
100
89
103
81
85
94
77
91
98
92
81
98
97
108
87
102
104
100
94
93
85
105
98
89
93
108
75
105
100
95
101
82
93
79
86
84
99
106
72
89
96
96
97
86
99
93
84
90
72
87
85
97
88
91
100
84
112
107
86
93
110
104
88
99
93
94
93
102
107
94
101
89
83
105
85
93
87
85
85
88
91
98
70
104
100
108
81
93
85
69
89
83
110
87
89
82
