181
193
186
183
183
183
183
190
187
189
184
202
196
187
174
170
163
174
200
187
173
193
180
191
181
167
164
185
179
184
169
196
189
190
180
186
163
194
188
161
194
190
177
198
195
192
177
193
188
189
166
163
192
192
175
179
216
182
167
168
182
149
181
153
184
195
173
201
190
190
192
199
182
197
198
167
180
175
174
197
192
204
193
184
161
184
181
206
195
187
193
184
193
193
172
172
202
195
185
168
179
188
176
205
165
206
196
203
171
185
192
171
164
199
182
201
181
177
163
179
177
170
193
168
166
189
192
211
184
161
190
178
175
198
171
182
166
169
168
154
205
185
196
206
184
158
182
201
188
204
201
191
198
193
195
203
172
160
187
186
168
198
205
183
172
169
187
184
207
185
212
192
188
193
171
189
181
174
178
195
177
183
207
176
168
185
185
179
188
183
182
190
176
170
198
187
176
192
158
187
181
168
212
193
155
182
194
188
179
176
191
175
165
174
178
178
167
180
191
177
208
193
176
179
176
216
188
194
201
186
177
195
167
194
177
187
181
182
170
189
171
178
194
185
174
188
184
159
174
218
190
186
180
171
172
186
203
186
206
196
155
183
178
174
184
205
170
196
198
202
201
196
186
198
183
201
184
200
164
166
179
185
186
179
205
181
156
197
183
172
189
168
200
190
186
184
181
168
176
200
188
146
213
196
186
187
172
185
161
173
188
164
168
172
168
182
174
192
193
184
168
171
179
170
203
204
185
167
181
170
186
171
192
186
192
179
201
220
174
175
187
179
171
171
187
186
182
199
173
172
183
194
193
172
180
180
178
205
157
189
193
156
192
180
199
182
203
184
166
192
158
173
188
174
186
196
173
178
197
188
168
181
181
162
188
183
203
175
173
172
177
164
199
161
186
154
172
190
193
162
182
192
202
191
187
187
169
181
198
191
199
174
175
192
211
178
182
183
199
185
201
184
170
194
196
157
205
201
195
174
204
199
163
151
164
193
183
165
173
173
203
191
195
178
161
182
175
201
177
190
191
217
201
176
190
177
184
198
200
174
183
177
189
188
200
191
184
178
176
184
176
212
181
184
163
170
186
180
167
200
203
195
179
185
176
181
193
180
163
196
185
174
181
215
197
191
188
187
190
213
221
165
181
182
182
175
199
186
173
197
196
183
207
204
179
204
193
196
173
204
198
187
180
203
164
200
197
176
162
181
187
164
166
178
192
189
173
202
171
209
183
190
155
189
161
177
183
187
155
184
187
185
184
181
173
208
180
185
184
183
178
203
174
186
185
201
188
181
180
200
185
173
196
172
183
178
170
179
197
189
172
176
185
170
185
170
194
181
203
183
170
186
196
163
182
182
185
189
203
187
199
195
156
168
182
195
173
175
186
174
173
172
170
202
199
173
178
192
171
175
196
194
166
179
190
179
179
186
193
183
177
182
180
202
197
220
191
200
195
192
181
190
183
177
198
186
188
180
175
169
210
196
177
178
194
181
177
193
184
190
168
176
172
164
182
188
171
198
169
193
191
198
191
155
190
179
181
189
200
179
182
167
177
213
177
183
181
194
196
197
169
193
177
194
173
193
173
179
211
154
200
171
170
187
167
173
174
198
186
200
182
181
194
152
162
178
181
181
201
162
184
174
208
201
174
211
174
193
178
199
173
210
180
201
192
186
191
185
189
182
184
199
174
180
175
203
160
201
189
177
189
174
160
197
179
180
189
182
192
180
183
196
160
183
179
221
184
177
170
204
191
209
188
172
170
175
203
184
159
168
168
185
208
200
182
188
178
176
190
188
190
165
181
190
185
183
187
172
183
176
180
199
178
175
185
208
195
174
201
179
179
166
187
196
187
193
186
187
195
190
171
211
173
184
168
195
171
200
185
175
190
160
177
190
172
185
180
178
201
177
184
190
194
176
177
201
195
167
171
186
183
193
178
192
209
187
168
171
181
182
169
200
176
172
187
177
165
183
187
176
171
172
187
180
184
187
170
171
183
169
167
201
172
190
218
199
189
209
186
185
180
186
156
184
181
167
226
179
183
195
195
175
166
187
200
192
179
187
187
164
195
167
187
201
184
170
194
171
213
197
188
163
158
176
173
180
205
166
166
174
174
168
177
191
179
190
199
202
180
180
186
181
195
207
170
183
209
184
166
183
168
197
180
176
169
189
188
192
192
178
194
184
186
182
190
175
192
182
194
169
161
153
197
169
180
196
191
184
170
172
204
180
197
204
194
191
195
156
197
201
183
172
190
192
166
177
198
177
165
194
