176
195
183
170
201
174
178
194
171
168
182
191
169
186
174
170
188
177
176
190
185
199
181
181
175
168
188
200
183
178
202
203
183
167
203
177
185
171
195
166
178
208
188
182
180
203
180
190
185
185
194
196
194
178
187
176
163
196
189
178
177
193
188
158
162
184
178
154
188
203
176
187
175
174
172
185
163
168
189
154
163
174
169
160
184
183
186
173
178
199
173
193
177
174
183
197
183
151
181
183
186
173
227
201
180
165
194
203
209
173
176
190
205
173
182
163
175
173
192
178
182
193
202
187
179
181
202
210
179
178
195
176
199
190
196
185
180
167
155
183
178
178
179
188
182
166
176
191
203
175
183
191
217
188
194
161
185
164
189
191
180
191
171
172
181
179
190
159
188
183
156
191
200
186
174
182
175
186
189
169
185
158
178
172
191
202
184
174
187
186
185
180
204
168
165
196
165
176
198
185
176
184
182
184
197
189
175
186
180
181
205
210
203
177
178
189
186
200
199
203
176
183
185
199
199
184
197
189
180
194
192
195
178
190
176
178
189
173
164
173
167
216
180
170
178
189
175
190
174
203
169
190
167
201
170
171
165
167
155
203
186
175
179
179
175
183
178
193
163
162
209
186
171
200
187
190
169
187
178
185
183
179
175
193
188
195
165
170
171
174
179
207
160
196
215
191
191
189
201
177
188
201
196
157
195
191
196
185
172
193
193
181
197
199
189
188
191
176
179
183
159
172
173
191
180
186
195
199
193
170
195
171
177
192
169
181
173
193
173
197
155
186
172
206
166
176
206
187
188
181
170
192
176
190
182
166
186
193
171
184
159
192
166
176
188
188
190
197
187
173
210
177
183
185
155
196
179
186
169
193
200
212
167
177
194
195
163
201
181
206
181
179
178
183
202
207
195
163
172
182
195
183
174
191
192
191
152
190
176
184
191
176
155
201
181
188
192
193
174
167
162
155
192
164
189
191
182
182
161
186
174
192
198
197
166
190
163
184
181
181
185
178
177
174
163
181
192
167
201
176
190
181
198
163
172
209
169
160
162
196
181
191
176
167
168
210
213
191
197
174
187
175
188
180
191
193
176
185
174
197
179
197
176
193
188
179
177
199
205
183
186
202
215
196
177
181
199
182
181
152
170
165
194
186
165
172
163
171
187
187
192
188
161
158
178
194
202
172
189
180
176
196
218
163
196
203
187
176
190
204
187
192
200
183
176
200
182
180
185
182
182
182
168
161
187
181
190
190
184
197
171
180
183
182
170
178
172
185
184
149
165
160
179
161
203
175
192
183
164
200
180
200
167
187
185
180
165
168
157
188
192
179
179
166
191
168
179
188
182
190
190
203
193
168
176
177
149
166
185
191
192
192
187
190
176
182
180
179
208
177
171
179
174
185
191
215
168
187
196
193
173
182
182
197
172
171
172
182
184
180
186
175
195
169
176
176
183
187
194
194
188
199
175
179
187
191
181
178
169
194
160
174
192
189
184
192
203
202
178
192
180
182
197
205
167
182
189
185
171
203
205
177
197
194
166
166
173
198
159
208
180
174
184
175
178
184
206
163
180
178
206
173
178
187
177
191
199
191
188
182
195
190
184
185
174
168
181
186
207
168
193
215
171
189
188
174
174
204
173
200
171
181
181
183
186
174
178
189
182
184
191
182
176
194
174
173
182
214
187
176
187
175
195
172
191
180
195
187
189
177
172
185
188
184
198
194
180
191
169
157
171
182
163
169
201
176
186
191
186
179
186
177
193
187
175
198
175
197
177
181
166
168
191
191
191
181
167
200
181
177
188
184
181
191
182
197
181
194
177
191
186
154
190
187
200
191
160
160
163
186
175
181
181
213
207
189
179
168
183
183
193
176
179
175
183
167
181
186
196
175
157
178
165
189
172
176
179
185
174
190
205
172
181
192
170
210
186
180
174
194
169
181
187
184
195
178
194
171
187
203
174
184
174
183
183
178
206
180
157
176
194
179
194
171
195
189
163
159
167
185
174
174
186
176
169
201
165
202
185
161
181
190
191
172
159
188
174
193
189
176
171
185
167
187
169
184
199
194
183
181
166
175
177
180
192
181
180
171
178
193
193
164
229
185
177
194
192
176
193
184
176
181
175
178
189
178
174
185
200
180
182
173
194
187
188
191
170
185
186
194
187
177
190
189
186
184
213
193
168
170
192
190
215
178
187
190
174
171
192
168
194
177
194
189
186
192
188
167
185
196
181
175
191
174
189
178
179
165
175
190
172
184
182
191
166
195
194
182
185
199
