66
65
60
72
69
56
54
71
76
75
63
63
86
69
75
70
55
61
79
59
68
78
77
71
70
59
85
83
72
61
80
61
83
72
64
59
72
63
65
61
67
78
67
50
66
64
70
72
74
75
78
65
63
78
64
65
74
62
69
91
70
84
73
68
69
62
78
71
73
75
75
73
72
73
66
80
64
76
76
78
80
67
68
57
92
67
86
63
61
71
66
70
66
70
59
75
82
60
70
63
86
78
75
76
68
73
65
70
72
83
70
77
79
66
71
79
64
69
68
71
72
65
53
59
76
69
61
74
54
52
64
74
55
81
58
76
76
66
65
76
78
67
66
69
59
71
64
79
61
73
73
62
77
64
63
74
70
64
69
76
67
68
62
59
66
48
76
60
72
75
71
90
68
67
74
63
66
71
73
56
75
79
56
77
60
67
71
65
66
58
79
70
52
63
57
64
61
86
66
65
80
77
73
69
61
76
71
64
84
64
67
74
67
85
73
68
78
73
89
64
67
73
72
76
71
64
75
68
69
68
65
73
72
76
61
65
71
64
66
73
79
75
59
66
67
68
66
76
65
57
66
68
91
57
63
76
72
73
71
68
69
63
69
81
76
88
74
71
76
65
67
79
53
79
76
68
69
58
74
72
64
70
70
77
70
87
72
71
78
67
70
63
84
95
78
71
72
70
69
70
69
76
77
69
71
75
64
59
59
65
81
82
74
59
72
66
55
69
53
66
70
70
65
68
65
87
58
69
71
65
65
85
74
65
72
68
66
66
77
64
66
74
70
71
66
60
71
68
82
69
62
66
56
75
72
67
70
71
66
81
74
64
69
74
77
60
84
64
65
70
71
54
65
71
71
64
72
75
62
68
65
66
73
75
50
86
83
83
75
73
78
61
57
68
75
67
68
62
62
69
68
44
73
70
70
81
69
85
74
66
70
53
84
65
78
72
79
62
69
67
59
53
57
76
65
59
79
76
74
73
69
71
70
80
77
71
62
61
69
70
56
61
61
75
75
72
61
71
62
70
76
71
66
80
91
67
61
73
65
71
71
66
60
62
73
74
74
75
64
68
81
76
74
62
78
69
66
65
64
77
64
91
70
69
80
81
78
85
65
82
59
76
78
67
70
65
77
78
54
82
78
70
81
61
51
73
86
69
66
72
76
76
82
87
62
63
63
76
77
69
69
73
55
78
66
66
59
68
69
86
65
74
62
73
87
81
83
71
73
75
78
78
70
83
66
66
61
74
61
73
78
80
72
66
67
67
64
72
81
70
71
66
63
57
80
60
73
70
60
55
62
70
71
59
56
78
82
76
69
67
67
68
64
71
67
73
71
65
60
71
59
71
72
86
73
74
74
78
77
79
66
72
75
68
81
71
67
71
66
75
69
68
70
82
78
67
82
76
60
69
66
75
68
70
76
74
71
71
74
60
58
75
73
61
69
70
72
69
59
71
72
58
63
66
55
67
67
88
59
65
78
67
66
64
92
75
62
68
60
60
70
62
57
70
65
66
75
59
69
62
82
80
71
58
60
74
64
79
63
81
78
80
74
50
68
72
65
66
70
70
74
53
65
85
67
71
68
69
83
57
73
64
69
55
74
69
53
62
64
73
62
64
79
64
72
82
69
72
66
64
79
70
81
67
75
57
68
69
63
69
82
75
80
75
74
69
82
74
66
62
58
71
66
73
67
73
65
75
72
62
66
65
65
72
65
76
75
77
61
77
65
49
82
59
63
55
72
61
76
75
71
71
82
69
64
73
65
55
60
63
71
74
74
64
72
61
81
82
76
67
83
73
65
63
69
70
87
73
72
73
84
67
77
69
77
68
57
76
63
62
71
56
71
92
75
77
54
75
71
67
79
80
74
72
68
57
83
79
71
64
66
72
63
71
69
69
70
78
76
93
77
57
83
56
75
66
62
76
66
75
68
63
72
69
66
74
70
67
59
61
62
57
81
70
70
67
76
80
75
71
75
65
73
65
65
60
66
69
69
68
61
79
75
67
74
67
59
80
75
59
63
70
62
72
80
64
81
66
72
73
91
66
69
63
72
67
79
60
69
76
60
76
74
78
69
69
72
57
74
64
76
73
68
74
64
62
71
77
83
71
81
51
58
75
79
79
74
62
71
71
62
69
51
78
83
71
74
71
66
86
61
65
68
55
83
77
60
70
72
68
67
62
67
82
51
61
81
78
67
77
80
75
72
60
77
57
71
64
56
61
51
70
68
70
75
58
79
64
65
84
61
75
72
57
66
71
64
72
69
68
