165
184
184
177
185
187
175
191
185
161
158
175
181
170
178
176
183
185
199
170
171
181
185
167
194
180
183
168
192
178
175
181
174
186
160
165
188
201
184
188
187
176
193
169
163
184
170
180
184
176
204
190
201
178
162
187
186
180
175
202
178
197
186
162
163
174
186
195
188
199
172
185
164
173
173
198
189
190
172
162
189
186
167
170
197
190
164
186
192
182
174
161
201
188
184
185
192
166
179
168
158
196
183
160
194
198
174
170
180
180
190
164
185
183
172
156
174
186
170
177
174
185
178
165
177
190
192
193
187
181
149
175
184
156
186
187
190
192
205
165
166
195
195
175
196
181
199
186
176
173
174
175
186
162
188
191
211
182
177
158
178
167
177
207
182
192
169
175
178
177
198
180
197
171
188
169
183
155
194
188
174
168
197
168
158
193
170
173
175
188
178
172
175
197
172
161
191
165
193
189
191
189
191
174
177
169
163
174
167
169
165
175
166
174
192
162
171
204
195
186
168
164
172
185
194
193
163
160
174
182
193
179
166
194
192
167
167
170
156
165
176
206
181
184
178
170
183
195
172
173
172
168
160
188
184
187
193
170
172
159
178
185
186
151
177
166
165
192
164
180
175
149
187
176
164
177
186
188
184
176
188
167
190
170
164
184
178
197
179
176
185
174
174
182
153
195
208
169
166
157
169
184
176
185
194
177
164
185
203
160
198
174
177
204
164
157
173
201
167
181
167
175
181
199
184
196
179
203
189
175
176
189
174
155
197
185
170
193
176
186
188
171
206
171
154
190
178
187
175
201
176
179
185
177
176
178
180
191
186
188
173
199
185
175
195
182
197
189
189
184
197
171
175
197
176
173
182
174
170
162
193
181
183
179
176
165
173
199
179
169
191
197
171
179
193
183
183
179
171
196
190
187
185
173
183
198
179
178
179
166
176
200
176
198
165
183
185
171
181
190
183
196
185
177
178
197
182
178
179
190
182
189
170
185
180
184
165
184
185
167
197
184
172
178
185
168
188
191
200
186
193
166
195
156
159
168
191
155
176
168
180
205
176
192
167
196
173
168
189
182
178
173
166
167
165
190
205
166
172
169
201
155
194
188
202
171
188
197
164
174
207
206
165
180
187
173
196
149
177
184
163
164
169
185
165
189
184
163
174
170
165
180
178
175
183
176
184
165
190
173
163
192
179
182
195
179
170
170
180
172
187
177
190
182
166
196
172
178
183
179
184
168
173
181
171
178
171
175
188
176
191
170
167
205
181
167
192
172
184
152
178
177
161
169
195
184
188
168
171
157
184
168
190
192
179
192
171
176
164
177
178
190
190
189
171
190
185
163
166
190
174
167
160
176
189
204
192
197
191
192
175
194
174
213
181
199
187
181
178
162
181
184
187
188
183
171
178
177
202
186
199
189
164
187
172
141
176
186
178
186
171
193
173
188
167
189
161
173
180
178
180
163
178
179
168
180
172
183
165
186
183
181
185
187
157
174
195
196
169
188
195
170
152
182
194
182
194
162
166
165
193
193
155
185
164
185
169
173
195
163
181
175
172
197
162
176
189
189
183
194
164
183
173
182
158
189
215
178
169
169
171
177
171
181
167
175
174
200
180
163
178
180
201
164
154
204
193
181
174
176
184
181
189
180
171
172
143
179
194
174
159
192
185
172
184
156
176
190
174
174
190
175
182
201
183
204
185
187
194
191
177
204
185
179
190
180
181
195
184
182
202
190
168
186
168
178
193
179
177
178
192
176
158
182
178
185
157
170
176
177
220
194
168
195
186
191
201
184
183
200
173
214
165
186
183
187
175
165
159
156
179
178
179
183
177
178
186
197
168
178
161
177
189
183
152
185
190
164
188
181
191
163
176
174
203
186
168
155
185
187
183
195
195
181
173
204
161
180
178
170
177
174
166
166
179
185
175
167
182
145
196
149
182
178
180
178
174
180
172
186
175
184
165
190
177
201
186
169
202
176
162
174
156
186
157
198
191
181
166
185
164
176
158
186
190
165
184
171
189
177
187
197
190
191
175
207
193
179
177
172
167
172
191
185
173
180
160
190
176
161
173
172
173
194
179
176
169
179
183
188
204
177
184
173
178
187
167
163
173
182
190
184
201
206
172
185
191
198
177
182
195
165
166
187
171
169
177
188
160
178
154
211
183
188
179
184
164
197
171
184
182
158
162
176
192
164
198
189
181
178
160
183
185
198
176
163
165
155
197
190
181
194
195
191
186
177
186
184
196
177
176
172
163
175
185
177
184
202
164
186
