99
85
76
91
92
89
78
80
83
86
79
84
106
88
93
111
77
92
82
92
85
77
89
80
78
95
79
102
93
93
81
87
96
80
95
86
79
78
90
74
83
86
92
93
83
89
89
91
82
99
86
94
101
78
78
96
96
80
83
97
82
82
88
84
69
89
107
76
87
104
93
83
88
94
98
83
105
92
79
101
66
91
101
69
101
93
94
72
86
85
71
100
77
84
100
86
84
104
90
91
87
88
77
88
81
95
91
107
84
108
71
81
100
110
85
94
76
82
93
77
75
89
88
95
88
81
85
99
83
82
102
102
97
82
93
92
98
86
104
95
75
94
78
77
81
74
92
103
73
86
94
89
80
94
97
99
86
96
85
99
90
79
92
84
95
106
86
105
90
103
87
79
96
104
80
88
81
93
83
78
87
94
90
67
91
92
79
96
86
117
88
97
74
89
94
84
75
102
102
85
102
80
97
104
79
85
95
96
68
78
95
71
98
101
96
95
92
79
104
89
90
80
80
85
79
84
96
87
65
100
77
91
92
71
96
89
86
94
88
97
85
92
84
83
90
87
84
83
80
95
99
106
91
80
94
81
101
91
95
83
88
103
78
92
78
82
75
82
82
101
80
82
80
91
82
83
84
96
94
79
84
89
92
90
91
80
81
95
102
80
86
85
90
78
91
86
120
90
95
82
105
79
81
93
81
95
88
98
100
79
82
88
93
82
90
85
78
83
97
82
99
91
93
78
91
78
78
83
79
88
83
104
76
91
94
92
104
97
68
86
82
83
76
88
94
80
75
111
87
92
71
83
89
81
89
83
103
90
104
84
89
82
88
97
85
100
101
90
84
87
96
91
83
79
109
90
79
87
88
94
78
88
88
94
95
83
74
106
86
91
94
102
81
106
91
92
85
100
85
80
87
70
82
95
97
90
76
86
82
100
103
91
77
80
80
92
87
78
90
103
97
88
117
89
89
84
87
80
87
77
95
86
79
83
84
93
86
93
99
110
83
92
94
89
84
99
95
85
94
92
94
85
89
73
77
84
87
96
79
99
72
99
61
103
113
91
73
76
86
93
88
67
91
80
76
99
94
80
88
82
73
86
119
89
78
86
84
76
81
69
100
91
81
90
88
104
85
93
84
72
86
81
80
99
97
83
90
90
86
92
82
103
83
87
92
90
75
101
85
91
89
84
101
85
86
79
83
84
104
75
90
89
70
79
74
85
74
75
83
98
83
69
77
93
85
84
91
103
93
82
79
96
90
90
67
76
89
91
91
87
100
68
90
88
80
88
76
90
89
81
82
85
78
86
88
83
93
90
90
83
81
79
98
91
75
81
75
90
95
97
94
96
83
76
64
81
80
92
78
74
77
93
93
94
81
96
83
89
101
88
78
81
80
80
91
104
87
81
91
94
90
103
85
82
99
80
94
89
86
89
93
81
116
83
89
75
81
106
99
86
81
85
74
71
87
87
90
98
87
86
104
78
103
93
100
74
100
95
80
103
98
83
84
82
94
94
89
89
94
76
89
82
92
77
93
104
86
77
90
89
86
89
81
87
88
80
97
85
86
90
99
77
82
80
82
95
86
86
97
94
78
76
81
79
74
90
82
87
92
96
67
90
67
76
110
78
89
84
96
76
94
79
83
76
102
88
96
85
82
78
90
70
95
91
94
93
75
83
78
78
75
71
109
87
108
86
75
93
87
84
92
92
82
96
83
84
84
95
98
106
99
91
102
84
90
90
90
84
96
95
71
81
93
96
76
78
85
81
82
89
81
93
87
83
93
77
76
82
73
86
75
64
77
76
109
76
89
86
94
72
84
64
89
87
80
78
88
89
86
88
81
92
95
78
89
87
88
90
85
87
98
88
87
90
94
88
96
110
97
97
95
82
80
90
97
87
94
87
92
64
86
86
75
87
86
83
91
94
101
72
86
76
81
72
100
89
89
71
81
96
72
73
103
80
90
109
71
84
78
76
99
83
86
96
77
88
90
85
68
97
84
74
90
69
92
81
88
73
80
94
77
106
86
94
95
85
94
86
83
80
79
83
74
94
93
69
87
88
89
104
91
89
115
81
109
104
86
84
73
97
108
68
83
95
82
102
85
97
81
83
94
90
90
78
89
100
88
68
88
92
108
75
88
86
90
82
84
93
90
84
81
77
92
106
88
91
95
90
82
70
92
92
95
74
96
71
91
98
83
85
95
88
91
92
90
77
96
76
88
80
94
88
90
97
79
98
69
82
66
88
97
75
94
101
77
84
102
95
99
104
