169
202
190
216
193
230
171
209
199
195
195
186
213
186
173
184
168
192
186
209
181
177
204
196
214
211
201
179
218
193
183
184
165
187
194
197
182
202
201
178
203
202
206
190
210
193
186
211
189
181
182
208
201
181
195
169
197
188
225
159
215
231
195
206
200
193
189
200
197
209
188
172
218
176
184
183
187
194
194
192
216
182
205
188
203
202
185
189
193
192
183
180
192
176
173
194
173
198
189
212
186
190
196
191
205
212
205
208
205
170
184
185
210
191
198
217
209
192
182
213
203
188
183
193
175
184
177
193
202
223
207
193
189
191
184
190
192
194
193
205
192
178
189
208
176
181
210
168
174
195
202
202
182
211
192
192
199
207
172
190
210
218
217
203
213
184
207
198
189
197
200
210
184
187
196
184
217
187
228
221
207
193
201
175
167
175
204
227
197
188
203
185
196
190
181
176
191
201
189
211
201
184
226
204
190
228
185
194
204
205
206
198
200
190
206
172
204
205
171
184
188
186
209
172
202
194
209
201
184
201
194
201
196
209
197
203
196
201
185
191
183
193
193
185
200
203
219
176
218
180
200
179
198
208
170
206
169
199
198
193
196
166
222
167
196
191
221
201
206
203
193
211
223
196
181
191
198
194
204
177
168
194
179
192
193
195
191
183
203
192
201
186
183
186
207
184
166
203
198
211
176
194
177
179
199
181
205
203
204
207
179
189
193
180
190
195
210
178
195
196
206
218
202
178
198
196
205
200
186
174
202
183
188
171
177
197
209
206
189
219
200
191
171
191
191
201
189
213
200
187
182
193
201
222
196
213
202
189
194
188
209
198
218
166
200
190
161
194
186
207
182
206
188
201
197
190
188
200
204
198
199
195
173
176
185
212
176
179
192
203
181
192
188
191
216
206
184
188
177
161
183
217
191
196
175
198
198
185
215
180
204
197
182
194
183
198
199
199
176
177
207
203
178
186
194
189
220
225
204
215
181
193
201
208
195
200
195
185
211
188
179
201
207
194
203
174
204
200
184
191
180
202
178
230
197
189
190
177
206
191
191
171
214
203
190
199
186
186
187
183
209
201
182
210
205
195
195
190
193
213
180
194
194
198
183
186
188
194
207
178
183
191
233
163
184
187
201
172
184
211
190
176
183
206
212
184
222
206
189
189
196
211
195
192
182
189
210
204
182
191
178
204
172
172
200
202
200
212
143
189
203
192
201
202
185
213
212
207
219
197
167
202
199
197
197
195
184
206
193
219
198
198
192
172
215
202
179
199
167
212
198
197
180
196
196
196
195
196
192
222
196
178
195
220
170
201
189
190
211
196
219
208
197
190
188
215
181
191
204
182
191
209
211
197
204
221
203
197
220
191
218
193
187
186
204
174
170
186
199
177
184
181
196
178
192
208
176
210
174
167
187
188
194
183
183
203
193
166
190
194
204
193
157
184
184
199
207
206
198
192
208
185
202
213
185
197
217
189
205
184
190
222
209
213
191
210
191
184
188
184
213
182
206
194
170
178
197
213
180
199
188
192
187
211
209
204
204
166
190
180
200
197
189
182
197
184
179
157
193
177
178
199
181
198
204
197
196
208
205
195
203
208
180
200
200
198
211
200
199
176
196
202
205
216
161
207
199
194
208
211
214
195
175
194
178
206
210
215
180
176
198
191
187
207
204
190
198
197
192
190
170
197
190
200
189
203
194
197
180
184
176
201
208
205
201
194
208
199
202
189
200
178
186
185
204
186
206
214
198
178
196
201
203
175
192
200
237
197
210
205
190
189
174
211
202
181
196
178
195
193
189
204
197
197
193
199
207
196
199
188
189
202
213
188
195
233
198
172
187
179
212
200
178
160
183
166
173
163
185
184
167
190
181
178
171
204
190
184
195
177
170
189
224
176
200
188
219
210
181
222
195
207
203
179
196
191
214
199
204
179
211
198
181
180
202
194
189
220
178
192
207
198
172
214
206
205
180
190
178
194
196
194
202
204
233
168
174
178
173
192
198
206
206
177
211
210
211
191
194
191
179
215
182
209
206
193
180
214
194
207
202
182
205
211
200
209
197
187
190
193
189
196
186
181
191
214
200
184
194
188
179
193
183
180
201
163
177
194
194
194
188
203
192
185
192
181
184
213
211
197
186
211
209
185
185
218
192
209
222
173
193
187
193
182
213
189
213
207
210
171
205
193
202
208
168
207
193
193
198
185
187
180
186
207
197
199
209
207
185
202
183
175
190
184
187
211
201
182
208
198
189
211
166
190
205
174
192
180
200
181
