204
188
195
183
195
181
190
185
192
176
184
174
175
182
199
201
170
205
178
163
204
178
217
164
178
178
179
181
177
168
184
183
186
181
203
204
215
159
192
167
187
187
175
184
180
183
198
188
172
189
171
193
187
166
194
193
175
170
203
165
183
162
179
189
208
184
187
193
178
184
190
211
210
187
192
175
168
188
192
165
196
176
202
176
198
170
180
197
174
198
212
177
194
185
167
190
176
178
168
180
185
207
206
162
203
187
180
183
180
180
204
181
180
175
182
199
200
191
173
177
165
180
174
181
190
188
193
182
188
178
178
156
179
216
165
184
177
173
171
186
198
207
186
184
178
184
179
170
159
198
169
177
184
179
193
177
186
174
199
192
191
192
190
191
190
192
187
180
183
183
179
168
182
185
185
174
189
200
159
189
181
181
184
194
169
185
197
172
197
159
191
186
203
170
193
195
189
191
174
168
169
204
171
177
179
199
161
202
170
184
180
192
192
188
158
185
188
163
184
172
182
166
202
190
185
211
195
191
178
157
174
194
196
175
214
186
197
191
185
193
187
150
197
185
183
199
165
207
169
185
190
179
184
205
203
183
170
174
169
162
196
200
185
202
194
179
164
188
191
181
211
192
192
182
190
206
161
180
196
177
185
174
185
194
192
200
214
190
185
199
190
187
185
186
180
212
212
188
185
193
184
186
181
187
188
172
184
178
163
188
186
176
190
170
199
176
174
184
185
172
149
179
165
189
164
165
194
183
173
200
189
182
197
170
188
182
196
165
180
180
180
175
186
168
204
200
199
181
177
176
187
206
197
191
168
182
191
181
175
185
187
166
206
171
176
201
170
185
186
175
176
195
173
170
178
178
189
199
190
190
211
192
182
167
177
188
211
170
186
185
182
209
197
180
187
181
194
213
183
205
174
167
183
176
160
168
198
179
188
174
176
191
186
189
172
198
193
193
173
193
193
185
203
186
161
173
195
183
194
183
193
169
177
191
161
180
188
211
206
195
187
190
193
187
192
190
198
209
179
177
187
195
180
176
193
190
178
183
182
197
196
200
159
193
204
169
200
184
175
169
169
165
177
177
187
178
200
189
177
175
190
171
156
188
193
194
206
177
207
184
197
167
165
191
176
179
206
185
202
183
187
209
199
185
201
175
177
215
206
164
170
179
208
184
196
168
182
211
174
204
201
193
185
186
180
174
194
192
188
165
181
203
183
195
191
182
186
194
171
198
175
175
181
175
169
185
188
197
194
170
174
181
174
185
164
206
181
200
183
189
177
198
208
192
179
170
191
198
186
164
181
186
191
175
184
179
184
190
156
177
187
193
192
184
181
182
189
182
192
180
180
182
189
186
194
204
166
176
191
177
185
174
171
175
182
202
191
179
197
192
218
186
181
177
177
178
180
186
186
207
204
182
181
197
169
164
158
191
169
174
197
175
200
171
192
194
188
173
190
187
186
208
176
187
172
178
168
200
181
191
190
147
183
182
175
203
177
184
188
165
187
195
185
177
182
185
183
200
196
192
193
178
171
187
190
180
186
199
190
179
177
197
179
213
197
205
202
202
189
144
185
183
175
184
175
203
198
163
168
203
179
194
196
165
217
172
196
182
196
195
182
191
184
205
175
199
193
176
173
199
193
185
173
195
186
164
186
187
154
184
178
193
185
199
159
165
179
205
203
187
171
185
177
195
204
173
181
186
193
207
202
160
155
152
192
201
177
189
184
184
178
173
188
158
193
162
190
174
187
172
182
165
212
198
201
162
181
172
176
203
185
196
197
221
163
196
193
205
176
195
173
182
185
196
176
176
179
182
162
175
161
178
188
179
191
182
181
193
179
182
187
178
206
170
188
188
168
212
195
187
181
174
188
183
197
190
175
183
177
183
177
194
189
197
190
201
201
191
176
171
174
172
177
188
166
203
181
194
198
205
205
179
181
198
196
188
188
166
187
182
208
191
189
177
185
170
196
182
189
194
207
206
200
193
175
193
196
176
180
194
172
178
183
187
178
190
181
180
199
161
178
151
161
179
165
196
180
181
192
208
201
169
200
178
190
204
166
201
191
178
185
173
175
201
172
179
190
202
163
186
179
217
184
182
184
204
222
195
183
185
179
188
213
197
169
190
185
198
190
198
183
171
179
183
186
164
197
190
173
180
188
198
206
178
192
184
189
186
172
194
203
168
197
188
206
177
188
184
170
185
196
181
197
175
209
185
184
191
201
181
178
198
184
196
174
172
181
180
188
171
181
205
212
179
168
181
166
170
185
166
