63
82
66
69
67
70
69
63
80
61
81
88
68
69
83
46
72
58
76
69
75
69
63
66
75
67
87
62
65
76
74
61
67
69
69
73
74
66
74
68
63
71
78
82
78
70
69
70
67
71
70
60
72
82
69
85
90
80
70
85
78
85
66
64
71
83
71
70
77
61
74
78
87
58
70
56
63
73
65
73
79
72
60
73
62
65
69
66
68
61
67
68
58
62
62
66
62
70
87
76
78
72
65
79
83
66
60
73
78
77
75
78
69
73
74
71
64
63
87
74
64
74
70
84
70
66
71
71
64
64
57
75
68
68
73
70
66
62
71
73
72
65
64
77
76
80
66
77
74
82
81
66
78
62
63
79
57
66
68
73
75
69
67
51
62
68
80
77
58
56
59
74
69
74
71
91
61
68
82
67
68
77
70
77
66
67
66
79
73
74
76
84
62
81
75
66
65
69
56
75
78
64
81
84
76
71
85
69
75
87
62
57
76
70
66
76
80
57
69
59
64
82
64
58
69
56
71
73
76
74
71
78
74
75
66
71
73
69
77
70
67
72
77
67
71
84
68
73
75
64
83
79
92
62
76
79
63
65
72
60
60
74
77
69
76
78
78
68
72
69
71
77
68
76
67
61
66
85
64
83
74
70
65
74
65
84
69
69
74
72
65
67
66
89
71
70
75
59
53
79
63
81
59
64
66
64
62
59
59
69
81
69
71
67
70
48
80
76
64
77
75
68
66
53
74
75
65
64
75
68
96
83
72
77
65
68
75
50
72
53
58
76
81
62
71
81
71
74
66
72
76
74
59
63
62
76
79
57
76
70
66
68
57
74
70
77
71
64
75
74
66
64
79
64
69
66
73
62
62
75
79
65
66
84
69
81
63
70
71
64
75
68
73
62
70
66
71
69
68
64
73
74
75
76
67
76
71
64
62
64
56
60
82
64
65
60
77
82
86
48
62
65
80
63
83
72
64
66
73
64
81
57
75
66
78
71
71
67
68
82
79
73
65
75
74
65
65
67
70
65
60
62
57
75
63
64
74
63
76
63
57
60
66
72
69
70
81
70
70
58
67
68
64
71
58
75
79
73
70
76
68
67
67
67
70
73
68
68
76
76
78
80
72
66
72
73
75
73
74
77
76
74
61
61
58
93
78
75
61
76
75
83
70
74
80
92
65
63
50
75
75
75
73
67
72
71
76
74
56
73
72
56
71
78
82
71
87
75
65
80
80
69
58
75
75
75
79
71
73
73
73
79
74
73
57
70
55
69
62
64
65
68
63
75
81
66
56
67
78
60
70
95
73
61
65
59
79
64
59
69
89
59
59
66
81
64
90
67
53
64
55
82
59
70
66
69
72
68
75
67
79
75
64
74
59
71
86
93
57
72
79
75
87
70
94
73
79
74
68
70
61
74
60
68
85
74
75
60
74
58
64
73
60
69
62
68
59
87
68
66
85
62
65
86
83
72
62
66
70
72
65
75
58
73
69
69
64
81
83
67
77
89
62
68
80
67
70
79
60
74
70
55
93
74
56
77
82
75
61
76
63
77
66
70
76
76
65
59
69
67
83
75
68
68
59
63
69
78
90
82
77
83
75
65
57
60
68
70
65
83
78
64
70
67
73
73
67
50
70
64
66
70
73
65
76
60
56
78
80
65
64
78
75
79
80
63
77
62
68
52
69
72
60
91
60
76
77
66
70
75
64
55
72
68
70
72
65
63
61
60
60
72
65
70
55
66
73
65
65
74
73
79
73
62
64
62
70
68
66
75
87
76
69
63
60
66
69
74
62
83
73
71
71
63
59
67
75
65
63
77
78
64
62
61
65
81
63
62
68
61
77
66
75
72
66
80
71
70
68
77
62
71
80
85
78
59
73
52
72
60
81
62
67
77
70
59
71
68
73
73
59
80
71
58
63
79
69
85
68
68
49
80
66
74
53
72
72
78
76
51
73
75
80
73
73
54
66
76
67
79
69
69
63
62
68
65
63
73
72
57
63
69
62
80
73
79
68
78
71
78
74
54
74
71
69
62
65
73
60
63
76
82
76
59
75
65
75
68
91
84
62
76
76
79
66
68
79
66
66
58
68
68
83
67
66
65
74
71
75
62
52
68
67
76
69
69
68
64
82
63
63
54
67
64
72
75
58
67
64
75
74
57
69
61
83
84
80
69
77
58
59
66
81
73
64
75
82
73
60
77
82
65
62
63
77
85
82
67
72
71
76
81
72
75
68
71
69
60
81
71
82
63
80
78
58
69
84
78
59
59
