164
187
177
178
162
152
158
155
177
164
159
163
167
146
165
165
171
157
175
183
155
170
176
140
169
150
154
168
159
178
150
153
162
142
179
163
184
173
146
143
163
153
158
177
158
168
137
172
155
181
162
154
165
155
169
159
178
174
173
166
165
144
167
155
176
162
189
181
157
174
159
177
141
141
145
167
142
172
161
149
163
159
145
166
187
172
149
173
184
164
157
163
168
130
159
147
166
179
162
140
172
152
160
177
174
152
164
178
158
160
166
167
161
158
153
144
150
153
167
138
156
154
167
156
147
188
167
157
170
148
179
172
167
145
182
184
178
182
144
146
182
202
160
163
198
142
166
147
175
169
168
169
177
149
148
137
177
130
177
146
152
133
148
158
156
162
174
155
165
175
166
172
174
153
181
163
165
162
172
166
168
149
148
143
155
144
148
157
164
171
170
145
151
169
149
150
172
170
155
153
188
167
170
158
152
174
187
190
158
158
139
169
175
159
151
160
148
174
180
156
185
178
151
173
169
151
181
177
157
154
140
174
161
181
169
163
149
155
163
174
159
154
171
148
172
159
151
160
158
162
176
156
159
153
158
157
155
155
141
177
147
163
165
157
150
151
138
185
168
187
166
146
167
178
172
159
162
184
168
168
164
175
160
155
172
169
189
164
144
156
163
155
151
153
172
168
177
170
146
170
168
154
157
163
162
163
170
193
162
166
182
166
154
174
148
154
146
151
166
163
144
165
177
179
176
147
185
192
168
157
177
169
162
168
163
140
185
165
143
171
154
177
177
154
156
157
143
175
179
167
160
165
180
159
162
167
163
142
160
169
158
155
176
146
147
168
156
205
169
170
141
169
146
159
159
175
132
163
150
166
165
143
151
167
161
145
171
173
155
146
164
182
174
173
144
148
153
160
177
155
172
160
156
185
153
142
167
167
152
167
141
164
142
156
173
187
155
172
158
155
161
155
140
134
167
174
143
147
152
171
143
174
185
170
149
156
184
164
160
167
158
153
177
160
158
150
185
163
160
178
153
167
159
151
174
158
178
154
133
179
155
154
182
163
163
156
174
151
186
187
144
144
160
161
156
162
151
159
145
169
160
167
188
174
159
146
158
167
163
168
150
163
167
152
178
173
150
160
156
171
145
161
164
164
146
167
166
152
174
141
142
166
147
138
162
161
158
150
153
155
174
159
179
172
156
156
186
163
177
146
176
169
165
167
165
157
178
171
155
161
167
150
155
171
178
177
168
158
152
148
158
167
140
174
163
162
171
171
161
183
153
164
183
169
174
166
148
164
185
148
174
158
132
167
165
156
167
171
150
140
170
153
154
141
165
174
153
166
167
160
165
174
171
158
167
148
172
158
170
185
148
182
159
170
155
149
158
137
159
149
150
151
175
142
166
151
146
148
207
156
153
182
192
166
169
141
165
160
169
182
163
168
153
144
145
153
158
142
171
135
153
172
156
150
165
156
147
149
172
155
165
172
171
176
166
163
163
161
164
163
167
169
157
159
167
163
151
175
161
165
167
157
154
170
159
164
138
168
182
187
157
166
150
154
160
166
158
174
160
138
136
183
154
187
168
160
153
147
172
152
173
151
150
159
165
160
166
156
160
174
154
166
170
178
179
151
164
156
157
159
184
159
182
149
177
177
157
178
153
148
144
167
171
147
175
154
163
179
155
161
151
141
175
195
157
143
156
171
157
162
163
137
182
144
147
147
173
160
179
165
157
161
173
167
172
158
167
173
174
155
158
171
147
132
175
149
164
140
184
171
148
160
166
165
163
163
190
155
163
152
156
176
166
149
164
161
143
140
179
181
170
150
164
145
165
136
164
168
147
169
151
159
187
168
148
174
154
167
154
176
159
160
149
177
158
179
171
161
144
187
156
178
169
171
163
162
152
158
182
149
182
188
161
158
157
172
159
157
170
169
160
170
177
164
171
169
157
159
177
166
151
174
178
147
145
174
158
167
172
184
156
186
144
185
162
151
164
166
160
176
148
163
171
149
165
165
177
168
161
175
172
182
185
181
170
178
176
155
155
169
172
174
160
152
172
168
155
163
162
138
162
147
180
166
170
173
172
171
148
156
195
159
156
174
163
169
157
162
171
148
181
156
165
166
173
161
170
189
192
146
161
149
161
179
158
143
168
157
153
141
158
156
170
167
168
170
164
178
159
145
172
155
161
163
170
173
175
166
159
174
139
151
149
169
162
175
160
153
172
175
176
163
159
182
161
167
143
174
147
165
138
157
150
181
151
186
173
148
189
154
