73
82
87
77
71
65
80
71
75
72
95
81
77
88
96
87
81
81
80
92
84
85
79
84
99
79
78
76
79
73
79
69
75
88
91
74
86
79
85
84
81
66
88
85
97
77
90
68
79
79
76
65
95
70
71
90
82
89
89
86
87
77
90
76
87
87
89
87
90
68
91
82
71
71
89
88
89
90
78
83
65
75
92
77
71
84
76
92
89
74
85
84
68
76
100
69
69
67
76
91
87
88
90
82
79
77
86
79
87
91
74
82
91
68
83
80
60
72
95
64
75
71
85
80
76
107
78
86
77
84
85
90
85
83
86
91
68
81
71
87
85
69
73
68
79
93
96
104
87
82
85
97
89
78
89
83
80
86
81
71
76
89
92
86
77
96
90
87
87
77
86
66
73
75
80
69
86
75
77
71
97
97
83
84
101
85
79
79
75
84
85
89
72
106
79
70
86
67
84
92
85
72
70
86
84
77
71
81
61
71
80
74
84
75
70
81
72
78
73
90
64
69
88
75
68
71
76
82
92
92
67
85
73
73
88
79
73
67
83
82
90
93
77
86
80
77
91
74
81
80
75
85
94
106
94
82
68
93
88
75
85
85
93
85
73
75
92
75
82
70
77
72
90
76
89
86
84
76
78
81
91
64
90
63
72
77
83
84
83
77
81
77
84
73
88
77
81
80
87
72
73
64
82
93
78
94
90
80
76
82
71
73
73
104
84
78
94
84
97
67
100
69
75
93
82
82
73
74
77
88
73
81
91
101
79
83
83
91
86
69
80
82
74
82
80
72
81
81
85
81
82
76
80
81
70
69
74
91
86
82
71
83
76
78
84
76
78
78
82
80
92
75
57
67
96
81
86
76
75
82
74
87
84
85
87
84
72
77
86
91
90
79
77
92
87
81
87
92
85
82
91
88
74
82
85
88
85
72
76
84
79
95
84
95
88
75
97
70
85
80
71
83
89
77
79
96
70
68
71
80
82
76
95
80
79
76
89
83
81
80
83
76
88
71
78
77
62
89
78
75
72
72
74
74
84
77
74
74
74
73
60
85
72
94
81
77
83
76
68
82
78
81
94
73
93
74
73
66
95
63
71
76
72
95
86
83
79
87
94
70
83
88
80
93
86
78
72
67
84
95
81
87
74
85
97
74
90
96
73
67
83
86
89
66
82
101
84
83
96
80
79
71
94
91
81
93
77
69
86
88
82
90
68
76
82
85
72
96
79
74
97
76
66
77
84
79
72
85
84
80
90
100
109
89
79
75
80
75
77
77
95
69
93
66
83
76
86
91
74
90
79
75
77
78
88
77
94
78
74
78
73
76
99
94
85
75
84
80
67
61
91
81
80
77
78
69
80
77
81
69
86
73
65
78
81
77
72
84
75
75
82
92
68
87
81
84
82
82
79
84
89
90
92
65
82
83
93
92
76
91
87
70
83
79
102
73
73
79
79
76
74
86
66
87
89
93
85
97
89
93
96
71
87
86
86
82
80
94
81
70
81
78
91
83
82
79
70
77
78
94
74
76
84
69
85
74
78
79
83
91
81
85
83
92
61
82
79
85
82
89
81
75
67
72
67
86
79
83
78
86
83
72
88
79
74
91
82
83
78
94
72
92
77
74
78
70
73
69
84
86
80
77
82
73
90
67
84
63
65
80
75
86
79
93
71
85
70
83
91
87
73
95
82
78
81
86
70
76
96
68
78
100
76
89
76
74
72
78
97
78
77
85
77
94
89
81
93
85
81
95
72
78
90
86
86
81
77
82
68
68
88
81
75
73
76
84
83
83
83
69
82
72
75
94
82
76
67
102
77
83
74
89
71
77
72
71
84
94
72
89
90
80
81
86
72
82
76
73
76
83
74
89
83
88
96
73
87
79
80
83
76
92
86
71
93
88
87
88
88
96
80
78
74
86
80
79
74
69
76
94
91
83
80
71
78
74
66
72
69
93
70
72
95
90
87
94
88
66
78
81
78
66
71
62
72
70
97
95
77
91
79
84
63
75
83
66
68
83
81
82
78
87
94
79
64
87
64
74
84
83
75
73
86
71
79
86
90
101
70
95
92
88
85
70
64
73
85
85
103
78
89
66
81
89
80
81
75
72
100
74
76
87
80
83
82
89
82
81
69
77
77
81
68
88
89
75
83
76
81
73
92
78
92
99
80
67
91
91
91
78
64
81
68
79
98
83
83
81
91
77
84
81
70
91
71
79
75
87
59
83
78
88
90
75
75
63
69
69
75
78
74
77
91
85
82
88
91
79
65
91
