193
170
193
190
203
212
189
214
186
212
177
194
182
193
181
215
190
204
189
213
178
186
184
186
191
212
200
203
194
174
192
201
180
176
215
185
191
221
179
215
200
183
203
177
195
176
181
190
186
205
201
196
192
211
205
180
194
196
171
178
182
196
167
185
193
170
192
190
181
192
182
185
188
186
210
169
180
185
220
192
188
197
191
186
197
181
191
196
205
204
192
199
208
189
187
205
203
185
201
202
184
194
189
177
197
201
204
185
183
178
206
189
193
193
177
206
216
205
189
194
205
180
181
219
199
186
213
214
193
180
197
176
196
205
190
185
189
202
215
183
209
194
185
187
178
193
200
175
195
200
193
164
177
170
189
201
191
178
175
195
213
189
194
189
207
179
175
182
182
211
190
213
197
186
204
167
206
181
189
208
173
187
177
203
188
194
190
170
202
187
203
202
193
200
179
194
202
193
200
185
192
198
200
204
189
199
189
196
209
193
210
190
189
202
212
206
195
185
187
197
184
188
210
177
195
184
197
209
201
179
192
181
236
176
199
201
216
187
213
182
187
193
188
192
199
185
212
188
195
178
198
208
187
196
198
187
190
216
186
181
180
171
204
166
191
185
209
163
194
184
197
202
182
201
204
174
176
198
190
187
186
190
208
204
174
171
174
197
169
171
182
208
182
171
191
194
192
194
178
196
199
205
195
191
200
185
183
189
173
218
194
204
201
174
187
179
211
208
183
186
182
214
170
185
198
197
204
188
193
205
190
186
209
180
191
210
200
201
173
230
193
188
210
192
196
202
213
176
185
188
184
187
171
195
186
187
208
196
185
189
174
183
205
187
153
183
184
199
200
181
181
214
223
171
180
191
181
192
194
187
164
206
185
176
198
218
227
204
209
211
192
187
189
196
189
187
207
184
196
204
193
216
193
179
220
212
182
193
197
188
201
213
211
184
202
237
198
211
202
193
219
185
194
198
187
183
225
228
221
204
190
178
171
184
182
197
176
191
179
202
200
201
196
195
185
171
199
182
204
186
195
206
207
189
187
204
172
201
197
197
227
203
171
193
193
208
193
193
171
188
180
209
183
188
187
181
209
204
204
192
198
208
192
204
187
201
206
171
197
180
183
185
173
196
204
153
203
192
197
190
213
187
186
175
216
185
201
212
211
200
190
191
212
190
187
168
198
213
202
186
176
183
187
194
153
183
197
192
199
183
180
164
199
232
203
207
186
181
193
191
174
214
205
191
173
197
192
172
189
180
180
196
185
186
201
189
193
191
185
199
195
220
194
192
186
201
216
190
165
181
205
164
210
204
213
170
175
200
212
184
207
196
168
199
185
181
209
173
223
202
192
204
211
190
224
209
186
199
204
198
188
177
187
200
215
229
192
198
198
191
189
196
180
186
184
176
198
188
191
176
192
176
208
190
185
206
183
182
186
172
182
188
193
189
192
177
183
184
190
191
194
190
182
188
185
176
209
178
189
200
210
199
181
175
204
202
184
185
192
188
193
202
194
190
196
174
183
190
185
213
200
203
170
228
183
185
220
178
196
197
165
191
163
182
193
179
198
192
195
213
187
203
186
187
208
189
208
184
199
187
188
175
193
190
215
192
213
175
206
194
204
193
183
199
204
208
196
222
184
199
168
185
191
179
182
193
184
211
196
200
189
203
182
194
204
207
175
203
188
203
196
168
191
180
199
195
202
217
210
191
195
199
237
200
197
192
194
199
167
194
194
172
217
182
216
221
192
199
185
192
205
195
202
173
198
209
181
192
198
173
198
196
205
208
191
203
169
228
191
173
178
185
172
222
208
206
195
189
207
224
199
194
219
196
188
187
200
198
198
175
229
222
196
189
181
186
181
169
201
204
193
206
185
185
177
206
201
199
184
186
171
186
202
204
189
211
216
198
191
196
185
185
219
192
202
187
184
214
201
188
217
184
190
202
221
208
194
215
200
200
192
185
188
178
193
176
196
195
185
208
186
209
180
207
193
191
192
205
200
186
190
202
200
206
206
196
202
201
189
171
193
162
181
180
171
168
164
176
211
184
197
208
211
185
195
177
182
224
201
213
187
186
186
196
200
195
194
179
203
203
192
201
202
183
195
206
199
177
196
197
196
176
191
194
188
176
188
209
211
211
183
183
198
201
199
191
208
184
199
212
199
219
193
185
187
201
200
181
187
191
163
206
189
204
163
163
192
203
204
187
193
203
164
198
178
178
206
203
199
174
207
198
196
169
180
209
218
186
220
191
208
209
186
192
201
222
184
202
220
180
