198
158
175
160
197
165
174
182
151
159
171
170
172
173
186
184
172
187
163
199
200
185
169
184
170
175
150
157
180
203
182
183
192
166
157
185
168
160
201
198
169
172
165
172
174
166
205
188
191
190
169
210
177
176
191
196
177
171
185
185
180
186
194
181
166
191
175
167
189
171
197
173
178
184
180
204
194
194
188
192
185
190
158
171
180
176
159
175
162
178
188
161
188
184
182
180
175
167
163
184
165
164
173
173
180
180
163
174
189
165
181
189
174
183
179
164
170
181
180
185
173
189
168
173
186
160
194
184
180
197
182
173
193
157
164
199
187
178
175
196
187
168
169
173
170
188
170
169
163
196
173
179
156
183
193
178
180
179
183
189
170
184
190
173
173
179
167
183
206
166
185
173
173
184
187
192
182
189
176
185
178
183
189
185
185
197
152
167
177
180
189
187
189
189
175
183
167
177
170
178
164
191
164
184
171
159
196
183
188
172
169
175
183
158
164
177
174
165
188
173
169
179
184
181
180
166
161
187
182
196
177
157
187
177
187
174
181
187
174
170
200
169
215
178
181
163
193
188
202
183
179
189
184
178
177
173
186
188
169
171
197
175
188
175
184
183
183
162
156
183
165
177
188
176
161
173
174
195
197
191
167
184
161
180
173
206
179
176
174
192
165
172
172
171
153
178
164
169
186
192
172
172
177
189
189
190
163
185
163
207
177
181
196
176
188
182
177
168
191
174
168
178
194
197
163
181
195
169
171
168
165
188
193
181
204
188
163
157
189
182
186
173
172
186
173
168
180
177
199
186
184
157
188
179
170
198
172
180
186
188
180
191
160
181
201
156
180
150
189
152
203
183
178
186
159
183
192
197
190
166
176
163
175
187
173
168
207
172
202
177
172
180
197
166
180
187
161
140
187
182
157
183
207
167
149
170
170
173
177
179
158
149
157
189
174
163
171
175
178
181
183
175
154
174
184
174
192
165
183
177
205
165
161
188
189
185
188
179
182
156
164
158
170
172
168
173
184
182
139
201
168
181
171
185
184
173
178
196
190
171
186
183
181
176
174
169
178
195
181
173
187
159
178
180
165
203
186
178
181
172
193
164
172
183
172
184
180
185
165
166
184
177
196
181
182
179
180
171
186
180
168
183
182
191
158
162
191
163
201
190
189
166
175
177
180
197
182
185
153
167
188
194
189
183
204
173
175
185
175
193
184
181
173
169
183
161
156
200
173
151
187
156
169
178
169
193
177
171
165
180
183
171
181
176
176
178
166
179
192
171
170
182
179
190
182
194
166
213
165
187
169
159
148
159
146
196
188
168
165
177
168
205
170
158
167
173
174
195
171
177
180
187
183
166
179
176
188
192
188
182
179
181
177
158
183
192
194
161
176
167
187
193
168
182
167
182
192
192
169
193
193
185
169
166
182
187
176
217
160
171
182
193
149
193
175
189
183
173
183
216
168
189
161
166
173
179
190
178
147
161
163
187
176
184
163
190
168
173
206
165
181
167
182
176
183
162
195
188
185
166
203
177
161
208
196
173
155
176
178
169
203
186
169
196
187
150
187
166
185
173
180
177
194
190
183
191
182
171
188
179
190
159
172
172
188
181
167
192
198
164
190
172
188
167
174
166
189
190
173
190
177
189
176
180
165
177
176
176
172
174
185
184
178
164
191
171
155
188
206
190
193
180
180
191
167
158
205
212
190
178
170
190
168
191
186
203
175
193
162
190
182
175
176
163
173
158
168
173
181
179
166
191
188
216
184
165
172
175
166
167
189
158
182
193
190
185
188
180
167
185
181
178
183
171
165
208
180
182
188
183
172
187
170
201
196
174
166
163
172
201
169
163
181
173
182
167
197
163
186
161
167
167
203
169
174
191
171
180
200
143
188
184
175
182
175
175
180
179
184
183
180
177
169
211
158
183
187
174
224
186
168
173
190
182
162
179
192
172
182
156
181
181
190
189
187
187
166
179
177
168
171
160
170
183
185
193
182
182
182
192
185
167
169
195
190
171
179
174
187
188
158
179
201
176
184
187
175
176
166
197
192
169
183
186
174
210
171
188
178
183
166
165
191
207
177
195
194
174
212
182
178
197
180
174
175
165
154
169
174
179
191
167
184
177
169
187
202
165
156
165
160
172
170
183
183
184
164
167
200
149
177
184
191
176
199
194
180
167
174
201
168
167
177
163
179
188
181
190
173
192
156
162
199
184
197
178
190
182
176
200
192
182
194
191
158
174
171
171
185
175
183
181
164
189
159
165
166
181
160
175
