60
50
61
41
43
54
53
42
52
55
56
58
52
56
50
40
47
52
57
55
54
43
56
57
42
43
58
62
57
55
51
53
50
50
66
61
49
52
58
53
49
52
47
42
67
51
51
51
49
35
50
53
43
53
59
57
50
60
38
34
43
49
46
53
58
49
54
50
55
44
64
41
50
55
57
46
48
52
40
44
59
46
54
49
56
43
54
43
50
57
52
56
55
53
60
59
52
60
53
58
56
40
52
58
67
44
62
45
56
45
56
43
50
56
42
49
45
50
54
53
62
48
45
63
44
52
53
53
52
55
54
45
38
46
55
43
52
45
49
53
52
55
42
56
56
51
54
46
39
43
33
46
57
46
49
45
48
52
50
62
51
59
43
58
58
50
62
52
55
62
47
49
54
45
44
43
61
56
43
52
64
46
53
45
44
46
44
42
68
41
56
32
56
62
54
57
63
42
48
52
55
47
59
47
38
45
48
53
52
39
43
53
53
46
53
51
45
52
52
55
57
41
55
53
50
54
59
53
47
68
47
52
56
42
57
54
45
53
51
52
49
56
58
53
51
54
59
50
51
55
51
47
43
50
44
60
53
44
43
46
68
42
52
36
66
58
44
53
53
46
52
57
45
43
38
61
51
50
47
36
55
46
49
48
57
49
46
55
58
49
47
48
55
53
51
55
52
50
56
48
46
55
54
57
45
51
43
49
58
52
41
51
62
54
55
51
45
54
43
56
60
58
41
44
51
52
59
58
44
50
38
41
40
48
47
52
56
44
59
63
42
58
40
42
56
39
39
51
46
61
58
49
57
57
56
45
44
47
53
50
58
39
63
51
42
57
45
52
57
61
49
59
56
54
46
34
54
42
48
44
42
55
42
55
43
38
53
56
56
52
47
44
42
51
55
43
53
51
38
51
39
45
42
47
56
57
44
56
50
50
57
52
52
52
51
56
47
56
44
42
47
58
61
52
40
45
52
58
52
48
49
40
38
47
47
49
59
54
51
41
44
48
62
55
52
45
47
40
48
48
51
40
56
37
57
60
54
52
57
53
61
43
47
49
56
39
46
54
56
74
55
41
56
53
51
52
55
58
55
55
46
47
55
55
49
61
61
43
42
62
65
44
59
49
58
48
52
60
54
51
40
52
64
42
52
44
55
45
41
56
68
36
42
45
45
45
59
59
52
55
54
42
45
49
49
50
50
42
42
52
42
45
61
42
44
59
42
54
56
39
45
42
52
48
57
50
59
53
49
48
50
59
57
53
54
52
63
47
51
47
56
57
40
54
51
69
46
65
39
49
46
42
53
60
47
44
41
41
60
54
57
52
41
48
53
54
45
54
46
49
55
66
42
51
59
49
55
45
51
44
57
51
41
46
52
36
39
46
50
63
59
49
46
58
54
63
57
42
54
48
58
43
57
56
48
49
49
53
42
44
55
54
38
55
51
50
46
43
55
47
51
46
61
55
40
54
52
57
64
49
52
33
45
40
48
69
46
52
63
53
50
65
45
52
58
42
53
47
58
43
45
57
36
59
39
44
56
43
55
52
35
55
49
48
59
46
46
47
48
47
53
49
54
55
53
47
46
49
57
50
43
59
43
54
49
47
55
38
52
48
52
53
61
40
54
58
48
61
55
43
43
44
50
40
38
59
56
47
51
54
64
54
52
62
51
54
59
48
51
52
47
45
44
60
54
54
52
41
57
55
38
64
79
54
54
56
45
61
43
54
55
50
50
43
45
63
48
45
58
56
54
60
46
52
45
48
53
68
58
52
32
51
52
62
53
45
41
52
43
46
43
60
50
64
53
51
44
34
56
62
43
43
51
40
39
64
56
54
57
41
59
52
52
48
48
52
50
55
48
49
55
50
48
36
50
55
43
54
60
66
34
56
51
49
46
51
42
48
47
65
43
45
48
38
38
43
51
51
50
50
51
51
56
48
59
61
57
44
49
60
45
54
49
64
54
54
52
56
48
52
49
44
44
56
44
60
44
52
65
49
52
44
57
50
51
52
60
53
51
46
65
39
56
54
65
45
52
53
53
60
46
47
55
48
49
48
53
58
51
43
59
60
50
48
44
54
56
46
50
55
37
45
45
42
41
52
55
68
60
57
58
44
50
49
43
53
44
47
65
37
65
53
58
37
37
59
54
48
54
58
64
54
48
43
42
60
57
47
56
47
40
47
41
52
36
41
47
57
56
61
51
41
43
47
49
59
57
57
43
46
43
50
43
54
55
53
59
63
57
47
71
51
54
44
42
32
53
52
56
56
