180
162
166
157
168
170
187
173
173
163
162
178
183
158
169
170
177
168
168
198
161
183
146
196
178
191
178
168
171
197
171
152
169
162
159
155
178
180
166
178
173
188
193
181
174
185
159
145
163
162
184
182
190
182
178
189
152
155
162
185
168
162
173
184
155
176
189
181
201
171
169
170
171
163
175
176
144
181
148
161
170
149
160
157
173
163
182
164
157
170
148
158
163
177
171
167
171
173
166
178
176
183
189
171
175
161
175
159
175
193
170
158
164
163
184
183
162
173
164
181
159
180
173
175
177
177
174
171
176
155
155
156
165
168
173
181
160
179
177
170
154
164
165
164
181
194
174
200
189
165
173
173
183
178
158
178
160
161
191
166
155
171
179
146
162
175
167
177
156
168
159
183
161
162
183
159
164
188
178
169
181
172
166
145
163
165
159
188
178
185
170
170
138
165
159
175
150
154
179
181
177
162
170
168
187
176
170
187
177
173
167
166
153
181
161
174
165
160
173
176
155
181
155
156
187
155
163
156
172
154
171
154
158
159
169
171
164
170
176
157
178
179
163
162
163
190
171
169
179
164
164
183
176
182
178
165
160
179
176
156
175
192
187
162
171
178
174
175
190
168
170
151
164
161
160
161
175
154
167
183
187
173
192
188
157
172
167
200
181
185
173
155
165
172
157
177
159
174
165
165
173
165
152
148
152
162
177
175
170
181
173
151
177
170
183
158
182
190
164
161
162
172
174
171
167
175
159
166
184
170
168
176
160
164
169
169
179
153
162
159
166
163
186
174
154
182
162
152
183
188
155
171
174
163
178
177
171
146
178
168
162
160
177
177
181
170
170
170
189
159
172
164
171
189
175
168
189
160
166
160
178
172
166
167
193
162
158
187
152
164
177
154
170
177
174
178
157
161
166
188
151
148
168
177
158
178
187
158
185
175
170
150
186
175
167
170
175
165
188
167
170
171
170
167
179
160
158
178
179
146
187
177
149
167
180
178
190
153
173
174
166
159
173
172
187
139
161
177
181
165
187
163
161
192
163
175
172
182
160
147
136
184
165
155
166
167
167
181
196
177
166
191
165
176
172
172
171
157
163
159
177
179
163
150
202
155
186
169
160
164
166
155
173
197
161
174
165
170
167
166
148
169
157
174
165
163
157
170
183
178
180
153
151
190
160
176
166
164
168
143
162
168
175
160
159
173
169
180
178
175
190
184
151
179
174
173
157
151
182
165
179
186
165
188
162
172
176
152
172
172
171
189
183
169
181
167
147
184
177
179
200
172
169
166
157
178
175
159
144
178
162
177
171
182
164
180
161
150
168
148
167
158
149
182
162
162
152
164
189
159
157
147
166
173
162
173
180
171
135
170
155
192
177
177
175
167
166
192
173
165
170
172
167
170
185
175
155
180
175
181
167
159
185
171
192
179
184
180
179
172
175
163
173
173
186
190
168
165
147
161
179
150
153
144
178
170
148
186
161
142
193
147
157
173
148
178
173
169
184
170
143
167
168
164
173
155
170
153
148
160
172
176
166
193
175
157
190
162
188
173
176
157
171
160
157
182
195
151
166
183
163
151
177
176
163
173
174
171
161
206
154
174
168
180
177
166
162
180
163
179
186
174
177
173
169
153
156
185
181
184
179
150
163
150
170
178
137
174
181
178
142
181
180
183
166
169
175
163
177
158
155
169
163
184
156
171
154
148
188
187
206
189
155
164
167
185
189
191
175
171
176
188
180
169
180
171
171
182
144
168
165
159
158
170
177
144
146
166
190
163
199
165
177
175
179
172
168
199
164
157
162
183
165
160
180
179
169
169
153
186
175
163
178
180
171
177
164
188
164
180
146
152
177
176
167
165
175
178
174
155
181
174
176
167
201
159
161
156
192
158
160
170
208
165
166
160
154
186
152
152
188
170
176
158
179
159
153
157
169
167
164
162
166
181
170
164
165
186
169
167
171
172
174
165
184
173
147
153
168
167
163
176
191
162
175
152
176
162
167
173
187
175
180
177
163
157
199
169
168
187
163
172
164
179
172
173
159
154
164
155
169
166
173
158
176
188
170
170
188
178
152
174
161
179
158
155
166
162
152
195
182
148
175
173
173
175
132
161
177
158
199
178
159
158
169
175
184
152
168
164
169
149
169
156
177
151
171
157
178
174
182
173
181
156
174
160
149
161
178
171
156
178
172
169
171
173
177
159
190
170
167
195
168
156
160
145
161
171
171
188
159
177
166
183
169
147
185
186
161
169
150
165
161
160
171
186
168
170
165
179
