82
76
85
87
89
83
83
78
82
75
86
78
71
84
78
80
69
78
84
67
103
89
80
82
90
73
80
79
86
78
95
97
81
74
88
90
78
78
75
86
82
83
72
77
77
70
71
75
87
90
74
65
87
83
85
79
73
75
92
81
82
64
75
72
78
81
81
84
84
55
87
61
78
72
72
67
80
94
73
79
75
57
91
66
75
88
76
80
75
75
98
83
71
66
94
89
76
88
75
70
87
81
69
74
84
78
67
88
90
67
69
93
88
76
67
79
83
84
75
75
76
79
75
71
59
77
76
65
73
75
74
78
80
67
69
94
88
66
92
71
73
74
91
80
63
76
79
70
71
84
58
83
101
74
85
75
75
78
75
79
74
91
70
77
73
88
78
93
77
73
91
84
103
89
94
85
77
88
85
73
91
83
76
71
90
83
86
78
80
91
94
72
85
76
64
90
81
98
72
81
90
84
81
87
66
94
80
74
76
76
64
86
79
68
84
80
87
92
82
87
93
80
80
85
92
73
63
80
91
92
75
84
79
67
92
63
73
95
61
83
86
69
72
85
77
77
86
84
83
85
86
78
84
74
88
78
69
104
81
79
95
82
68
61
80
72
65
81
77
87
72
88
96
91
70
79
78
76
66
79
81
75
84
72
81
78
92
72
67
94
88
97
76
86
77
84
81
96
82
83
89
89
79
75
80
94
112
77
66
82
78
97
86
73
82
69
90
84
87
76
72
81
78
94
98
79
86
73
94
84
63
84
74
84
62
82
59
74
79
95
73
87
76
70
88
89
85
81
87
88
100
81
98
91
88
79
70
94
74
85
84
83
80
79
89
59
80
80
86
80
82
73
56
58
89
92
72
84
80
77
75
85
85
78
79
83
79
93
71
80
93
79
75
74
74
80
77
89
71
72
72
77
75
59
87
91
81
88
92
90
72
73
63
75
68
84
67
76
63
82
83
82
96
77
73
100
67
86
90
81
84
75
69
81
75
81
83
83
103
92
64
84
78
93
68
93
81
80
79
79
76
106
74
76
77
74
81
94
80
70
75
87
79
83
80
72
77
78
83
67
72
88
68
81
91
86
76
72
78
55
67
75
80
74
76
64
84
75
94
84
94
78
85
82
80
79
109
82
69
85
66
88
83
86
66
76
78
89
82
72
65
78
89
79
88
62
78
87
91
77
95
80
89
87
93
77
67
70
88
79
73
79
83
75
82
96
79
81
67
84
68
80
98
69
85
82
97
80
64
78
70
88
67
75
84
88
87
81
80
79
84
76
70
88
64
85
74
86
91
88
81
71
75
68
90
81
81
85
82
70
94
72
78
80
84
104
102
78
99
71
82
67
76
69
86
58
91
74
63
76
81
88
84
93
68
78
86
85
90
86
73
86
80
82
89
84
91
79
87
83
80
78
79
90
90
87
68
84
69
74
85
62
63
67
74
83
102
84
71
83
79
105
77
80
74
85
87
78
81
86
77
69
92
85
81
78
69
75
74
79
85
66
84
82
77
70
74
73
80
86
80
70
77
94
74
74
67
60
88
89
83
83
81
83
76
77
82
84
71
83
87
90
95
75
54
103
73
81
85
74
96
85
84
69
71
78
80
70
105
77
69
72
72
79
72
84
77
70
75
60
91
74
92
91
76
74
74
74
66
101
75
87
76
70
76
72
75
76
79
91
88
75
87
70
79
87
74
95
59
84
75
78
71
85
81
67
86
85
80
83
76
82
85
85
87
78
87
73
75
82
90
97
92
93
82
78
76
84
92
85
82
85
74
72
72
64
89
71
75
87
67
78
84
64
79
76
74
76
77
76
79
88
76
77
83
91
69
66
71
112
72
76
81
72
87
89
80
84
79
88
76
91
78
85
81
68
70
80
84
81
73
81
71
75
85
76
82
87
81
73
94
75
81
87
81
66
72
82
81
95
83
80
76
77
70
67
82
61
93
89
81
86
87
79
80
95
80
77
79
95
75
72
82
67
73
90
86
88
71
75
89
80
80
96
73
85
84
88
66
69
87
83
85
88
80
70
80
79
82
78
96
79
73
79
67
78
72
87
70
70
99
80
73
83
77
73
94
98
87
59
72
89
68
79
75
77
73
71
92
72
82
70
90
80
77
71
69
87
81
85
79
61
72
77
73
81
64
70
73
87
72
88
73
76
88
84
81
89
64
83
81
75
87
77
88
98
75
76
73
78
82
80
60
92
89
89
92
102
76
97
89
80
84
72
64
66
73
85
78
84
84
78
73
78
73
90
85
84
77
72
