170
175
165
160
185
198
167
181
175
176
178
160
156
178
158
169
195
179
175
169
170
177
181
157
169
182
174
178
147
147
185
187
169
173
177
164
172
215
152
180
174
204
173
166
176
184
170
197
177
191
166
168
172
166
161
169
164
153
151
180
178
174
171
182
183
174
160
198
174
191
157
164
164
180
165
155
195
162
195
184
160
191
184
207
158
187
173
181
198
170
188
174
185
176
190
190
190
181
182
161
170
186
175
167
147
150
177
184
150
173
186
164
162
173
159
171
164
173
167
185
177
179
193
166
176
185
192
164
196
183
173
184
186
166
173
153
152
176
173
166
187
163
160
176
155
187
161
177
181
169
195
191
163
183
169
194
165
171
164
181
184
143
175
172
208
183
177
185
146
186
168
176
176
189
189
168
166
159
179
190
176
177
166
179
178
151
187
182
168
180
156
181
169
170
187
172
188
177
202
163
181
176
169
188
160
175
176
175
184
180
168
174
183
174
182
187
173
160
182
180
181
186
153
177
186
163
185
190
177
166
177
197
186
151
184
184
166
195
174
193
168
170
169
189
180
167
176
168
181
169
160
194
164
171
186
172
157
199
147
158
182
166
170
156
166
180
191
167
168
161
169
166
176
172
171
187
157
161
196
192
188
183
186
181
197
159
161
175
177
170
173
183
161
172
187
168
167
160
169
160
165
180
161
168
176
173
173
188
169
167
175
169
162
176
176
147
176
177
151
187
176
182
181
162
156
182
171
158
182
148
180
196
177
156
161
187
188
162
184
183
173
168
174
179
166
180
176
183
182
162
171
159
164
157
159
167
169
163
155
153
177
171
172
170
172
163
197
183
152
173
164
168
162
158
186
163
170
185
169
178
159
180
164
196
184
191
190
178
201
158
187
168
189
176
162
180
191
183
179
182
167
179
180
185
176
175
151
148
161
156
182
171
182
198
178
161
149
184
163
188
180
188
153
174
166
187
194
205
180
186
169
171
178
158
180
210
158
186
168
172
177
183
164
182
168
165
150
177
170
178
155
175
177
177
171
186
148
188
192
186
192
155
176
183
184
173
190
194
164
154
183
176
178
176
163
171
193
175
184
186
183
181
162
177
198
161
168
161
201
154
176
176
194
182
174
172
178
163
170
178
168
171
149
180
169
157
168
172
167
183
175
166
192
170
200
158
171
193
193
190
185
154
170
168
169
160
147
172
200
168
149
173
177
164
164
182
177
173
184
169
175
156
166
158
152
175
194
186
160
177
196
174
163
173
158
192
178
177
177
178
173
155
157
156
175
166
167
166
151
171
184
193
187
177
166
149
150
165
155
174
161
172
194
184
161
161
175
166
171
175
165
172
178
175
188
177
173
177
180
179
173
176
160
183
184
181
146
195
178
165
183
179
180
167
166
155
191
174
172
174
197
175
159
186
179
206
185
151
165
185
174
182
169
171
169
163
167
166
179
167
169
189
182
207
169
172
182
153
180
203
180
202
171
160
172
184
162
187
169
177
168
165
181
178
177
175
180
150
194
203
182
167
169
165
175
186
190
196
158
180
196
168
181
160
175
164
181
196
171
189
173
167
171
176
183
179
176
182
186
181
182
175
185
186
155
171
188
176
170
181
171
183
148
177
186
182
166
182
171
190
187
177
166
175
173
172
180
186
166
166
162
184
195
156
187
183
153
165
167
164
192
187
174
166
190
172
193
187
187
187
197
171
188
186
157
174
147
192
174
160
179
167
169
173
177
184
165
177
178
195
176
183
174
182
186
183
204
185
186
174
193
190
171
200
179
182
168
171
161
148
198
167
180
192
193
161
175
182
164
182
170
171
175
184
181
173
189
153
160
169
174
196
169
183
166
164
153
153
189
179
183
182
167
170
190
168
183
185
167
154
161
165
196
167
193
167
178
174
182
200
153
177
186
180
203
196
171
187
166
168
166
165
175
173
154
163
142
170
169
173
167
170
151
181
177
155
169
180
186
173
188
183
187
157
149
166
196
168
150
166
169
200
153
148
201
191
161
193
163
149
166
173
183
182
184
168
188
167
168
191
167
205
179
179
177
151
191
175
164
181
197
161
194
184
167
178
164
202
163
187
173
172
160
161
201
179
190
165
171
178
165
184
176
181
164
188
187
175
173
190
183
183
166
183
187
191
164
171
178
181
170
183
179
156
164
176
205
174
151
185
172
178
162
188
168
163
181
183
151
169
197
185
177
164
178
168
175
193
163
167
170
175
181
165
179
182
175
169
186
186
167
181
177
175
201
200
149
172
184
185
