181
177
182
148
152
148
157
169
160
156
178
161
167
169
164
171
144
188
186
154
165
143
150
164
174
173
155
156
138
159
164
163
166
154
162
151
161
158
173
153
148
158
149
170
142
171
163
178
173
153
167
186
153
174
156
160
165
163
178
165
121
162
155
163
155
167
156
163
150
165
177
144
162
186
152
179
164
173
155
147
152
177
171
169
170
164
155
166
150
166
184
155
175
188
144
138
160
171
181
152
164
150
158
156
145
178
159
142
183
154
156
173
180
166
153
156
169
166
166
147
181
184
166
163
157
184
164
187
173
130
156
176
165
152
170
156
168
172
150
167
154
188
159
150
158
142
171
163
166
144
170
177
141
169
157
168
186
181
148
163
161
170
161
147
151
180
156
160
172
176
159
164
167
143
168
164
166
158
153
156
169
166
186
182
150
156
147
133
185
149
183
164
188
163
171
168
144
150
165
170
150
164
167
159
168
168
163
158
179
191
176
166
184
172
170
167
171
155
179
162
147
172
163
174
170
160
156
194
134
178
169
152
142
170
178
136
179
163
160
173
160
163
176
155
153
153
145
156
160
164
170
148
147
163
137
175
170
168
154
168
139
167
141
158
160
154
139
174
163
180
148
152
171
148
166
159
154
149
155
169
153
153
166
156
164
160
165
171
150
174
149
178
150
149
138
178
164
149
155
167
163
150
159
146
139
170
158
147
185
156
140
157
176
163
127
174
179
156
174
166
168
169
153
147
164
175
168
170
149
176
176
158
177
168
177
169
159
165
151
177
180
158
162
157
160
174
159
166
170
162
159
151
155
187
155
173
166
175
161
145
176
167
148
163
177
154
176
154
158
167
173
176
160
179
158
157
158
193
163
165
161
151
158
155
176
171
159
146
183
152
171
160
152
185
154
145
151
150
163
145
133
162
155
154
163
139
157
188
152
159
172
166
155
170
166
150
180
143
183
159
152
145
182
168
174
148
170
177
119
156
140
172
170
157
174
167
160
144
160
153
162
149
131
155
159
161
170
165
163
183
143
185
167
144
154
146
163
152
171
165
173
162
167
164
164
171
159
139
170
155
168
139
140
180
168
175
167
173
164
168
157
160
182
180
178
182
157
173
154
176
167
195
150
141
153
162
159
167
173
158
158
162
177
179
166
166
151
155
156
180
183
131
170
176
170
176
169
155
153
145
158
155
144
145
181
163
184
138
151
159
147
137
169
170
154
165
162
186
146
139
169
165
146
164
158
149
153
179
170
182
165
172
163
167
171
155
149
161
146
153
147
154
170
160
170
152
160
150
175
157
160
166
165
165
142
162
164
164
164
156
159
161
159
170
147
151
177
161
175
153
180
168
153
156
165
178
184
165
166
174
158
156
179
174
166
155
164
131
160
196
167
165
163
167
149
156
174
169
171
135
154
141
168
150
178
184
174
170
162
142
168
156
171
171
151
151
159
169
156
147
155
178
166
156
163
175
172
166
170
170
146
159
158
158
156
160
172
155
147
177
170
169
171
180
154
147
137
159
165
178
163
157
174
137
179
192
170
148
161
155
167
169
144
158
177
158
161
161
162
148
158
178
163
155
165
156
184
134
169
149
179
148
138
155
177
178
171
172
145
151
168
188
178
152
172
137
185
152
163
153
166
158
160
197
168
168
153
166
146
192
136
148
186
153
141
162
161
175
149
150
195
158
163
165
150
172
176
156
139
159
136
157
170
177
162
172
163
147
146
172
149
160
163
186
167
154
163
163
167
150
151
154
149
176
180
164
147
158
142
152
151
146
159
164
169
157
159
163
142
184
156
145
161
181
166
166
177
169
155
143
167
170
163
163
140
156
165
167
175
159
159
164
170
180
136
176
175
142
153
182
162
157
175
180
160
177
153
158
170
149
171
168
165
160
154
168
174
173
162
159
179
151
154
178
148
172
160
138
163
162
158
157
150
157
171
154
156
169
176
161
151
170
168
166
174
160
146
175
137
160
171
180
149
173
163
161
164
160
145
174
157
166
178
181
157
166
155
144
171
179
152
148
168
166
158
144
174
193
147
154
177
141
157
152
161
168
142
152
180
163
157
165
161
168
175
149
166
155
154
161
166
175
161
146
152
158
166
168
166
159
164
139
161
157
150
167
153
188
142
175
156
198
167
177
164
161
163
186
158
156
154
179
149
162
196
174
147
159
150
156
173
159
147
183
174
151
156
152
147
149
171
150
176
165
151
164
149
154
153
168
160
161
170
150
183
154
168
150
165
151
191
170
132
154
158
162
154
175
161
179
