20
27
25
18
18
18
16
18
20
20
25
20
15
23
20
22
25
25
28
19
17
22
19
28
30
21
25
26
12
24
22
13
24
16
26
27
22
31
13
20
21
26
19
20
26
26
19
22
21
29
26
24
24
24
27
18
24
20
19
21
14
22
27
28
23
24
24
21
19
18
22
21
18
25
19
20
21
23
23
19
23
25
20
19
19
18
25
15
20
26
26
15
16
22
20
20
25
29
22
23
22
25
19
21
18
25
19
18
14
33
20
24
27
26
17
25
20
19
17
24
20
24
22
21
21
22
12
23
11
20
22
21
25
20
27
25
21
28
15
31
27
22
20
23
15
22
25
20
19
16
25
15
20
20
26
19
23
21
21
24
17
22
22
24
21
22
25
26
22
28
18
25
24
12
21
24
18
25
25
19
17
16
26
18
26
18
25
16
27
20
22
20
20
22
23
20
22
20
19
26
21
23
24
27
18
23
25
25
16
22
20
21
19
19
20
18
24
17
29
20
18
25
25
26
21
26
20
31
14
18
23
24
20
19
13
25
21
23
28
26
21
15
27
19
20
24
21
24
19
20
22
25
17
23
28
23
20
26
24
26
22
20
22
23
19
23
22
19
21
17
28
20
19
17
27
17
17
21
23
27
21
20
24
23
20
25
21
19
14
31
20
25
24
23
21
23
13
22
25
22
25
20
22
27
20
21
14
14
23
20
21
20
15
23
24
20
20
15
19
27
33
23
22
20
20
23
21
19
16
20
23
30
26
24
23
29
27
28
17
21
24
16
24
16
19
9
26
19
32
30
16
20
13
22
16
27
22
25
21
20
13
25
23
20
26
29
22
24
19
27
27
18
17
15
31
26
24
29
25
18
22
23
29
22
17
29
28
21
28
19
19
25
23
22
26
24
22
19
23
20
15
20
16
18
18
26
22
21
23
18
20
19
34
28
23
22
24
22
15
17
17
20
26
20
23
15
26
25
17
17
23
22
26
21
19
18
26
19
26
22
19
22
19
27
19
22
23
19
26
19
23
16
22
17
26
25
19
21
23
26
21
18
18
20
12
20
21
20
20
25
30
17
25
25
25
22
19
23
17
32
25
21
28
27
20
24
27
26
25
32
30
25
23
19
25
23
24
24
13
17
21
20
25
20
16
27
22
19
15
21
24
21
34
25
28
17
18
22
16
24
26
19
22
23
23
17
18
28
18
17
25
27
24
16
24
32
21
22
23
18
26
19
22
25
21
13
25
39
27
32
23
16
27
25
18
22
15
20
23
27
27
23
25
23
31
20
20
20
18
25
21
33
18
17
22
25
25
17
22
19
17
17
25
22
21
18
35
19
20
20
17
19
22
20
26
23
19
24
25
22
26
24
22
25
25
23
23
26
24
26
18
22
22
23
16
19
20
25
16
27
28
23
20
25
21
25
23
15
17
18
23
32
25
22
26
23
21
24
27
20
22
23
23
18
20
13
20
24
24
18
21
21
18
22
22
33
15
14
24
25
21
26
14
25
20
18
23
20
30
21
32
21
31
26
15
22
26
21
21
20
26
27
28
18
25
22
23
16
22
25
21
17
22
16
19
22
27
21
24
23
22
21
19
33
21
25
16
24
23
19
25
22
25
19
11
28
19
16
23
19
22
23
23
30
24
23
23
26
18
20
23
22
26
20
26
24
22
18
19
21
26
20
30
24
18
21
27
15
18
18
14
27
18
24
10
22
23
22
20
23
22
12
23
18
20
16
20
24
25
21
22
23
20
18
23
21
17
21
18
26
21
19
26
18
27
17
21
27
21
22
29
20
18
24
23
18
22
19
24
25
21
27
21
30
31
18
30
21
14
18
22
31
24
24
23
26
23
17
16
25
23
25
28
29
21
19
25
19
23
23
24
27
10
20
15
26
19
25
25
27
23
28
17
21
25
27
22
25
19
24
15
24
22
28
19
16
19
21
18
19
23
23
29
18
23
21
21
22
24
18
22
21
20
30
19
17
22
18
27
18
25
22
23
21
24
21
14
21
23
23
23
27
23
18
25
16
22
28
23
20
25
16
22
26
22
20
24
23
21
19
23
25
25
19
18
9
25
17
21
18
14
13
17
21
23
22
25
28
25
28
26
17
28
25
31
16
29
25
24
17
16
23
18
18
27
19
23
14
30
21
20
26
15
22
26
20
18
17
22
30
17
26
17
22
23
23
20
27
21
24
29
19
28
14
13
21
18
24
24
24
15
17
23
18
25
21
30
25
19
17
19
30
18
22
18
24
24
17
25
24
