174
176
161
166
152
172
146
166
159
157
157
152
171
170
140
150
160
152
161
157
154
147
173
160
146
148
144
137
142
154
170
157
153
179
166
160
153
167
142
157
149
154
164
159
163
148
148
167
161
169
169
155
158
157
145
155
145
156
136
174
167
156
165
161
151
162
161
148
158
153
169
161
173
151
164
173
154
174
151
162
145
135
155
159
167
164
166
167
157
157
150
169
152
159
171
152
154
153
178
163
158
149
153
171
162
156
141
154
169
149
150
139
166
173
153
154
147
186
178
157
151
159
168
157
158
156
153
170
172
156
176
163
174
153
161
153
157
177
157
157
165
168
135
162
166
165
158
162
146
158
160
153
170
152
163
167
165
153
162
159
177
137
134
139
159
155
165
154
157
169
152
152
140
175
158
169
149
158
167
144
177
172
165
174
168
157
165
164
159
186
147
165
163
161
158
158
160
170
161
149
161
162
165
158
156
153
177
167
156
184
149
162
169
164
156
156
160
153
152
155
156
173
158
171
150
148
167
145
152
145
151
171
153
156
159
158
160
151
170
176
149
184
166
163
154
163
135
156
167
167
170
161
164
154
151
159
159
162
170
168
162
175
145
150
157
176
157
177
174
157
172
143
150
144
152
166
146
161
158
158
160
174
161
152
142
156
143
165
179
151
164
156
156
167
163
147
144
133
156
143
147
160
144
141
152
155
159
162
177
150
158
138
146
150
151
167
139
151
152
159
168
151
178
163
173
162
171
154
161
162
161
155
162
153
166
168
146
160
153
165
151
168
157
162
164
167
154
160
168
159
149
167
149
140
154
156
160
166
163
146
156
157
153
163
145
178
166
161
170
156
173
154
154
172
166
154
164
166
158
157
166
162
143
154
152
161
157
180
174
162
168
131
158
164
152
138
162
170
175
163
175
133
160
151
161
148
156
162
169
159
164
169
147
162
165
154
157
169
175
172
152
153
168
156
157
175
136
159
161
162
158
159
186
144
166
173
154
138
177
169
161
165
165
156
160
168
141
154
167
132
165
135
162
144
163
155
157
162
142
158
155
156
148
159
147
151
160
153
160
162
156
161
150
155
167
150
154
157
164
167
165
166
146
151
183
156
167
163
169
151
147
168
159
153
173
142
154
168
164
162
152
150
171
158
160
174
169
161
152
151
145
154
153
159
142
175
154
164
153
162
175
151
153
157
152
155
152
183
145
157
171
131
148
166
157
171
168
169
147
144
162
176
149
161
149
174
156
143
156
157
165
167
176
147
147
144
165
167
148
157
159
178
168
144
158
160
161
160
174
152
162
166
157
168
148
156
165
166
147
144
161
156
165
153
152
160
159
174
150
151
145
160
141
160
159
162
134
164
158
160
158
155
154
155
169
154
152
151
149
170
164
152
155
154
169
163
180
158
164
169
145
157
153
179
170
167
160
161
157
153
153
179
171
154
152
142
167
166
158
146
177
161
171
157
172
166
151
157
160
154
165
161
157
173
165
140
164
153
180
164
145
161
154
169
155
165
160
161
165
159
178
142
169
178
151
145
150
150
169
171
164
154
153
162
167
166
145
169
157
173
159
149
159
162
144
161
179
166
164
165
162
156
140
135
138
151
143
169
151
171
165
156
165
146
172
152
170
142
156
148
164
162
156
141
170
182
153
162
185
164
159
146
166
162
163
167
166
153
141
152
147
149
146
161
161
161
158
156
180
170
149
162
151
138
162
174
160
160
161
165
160
170
170
164
157
154
148
155
161
152
161
156
167
162
153
151
164
160
168
165
152
164
141
151
157
154
140
155
147
162
166
158
159
154
171
141
167
161
169
143
176
162
152
151
163
176
170
177
168
153
143
161
138
181
168
148
168
157
163
179
160
173
154
170
156
164
158
155
160
165
166
157
138
152
160
155
156
161
153
167
141
143
154
156
158
168
166
155
127
156
170
170
148
162
145
166
156
158
141
165
161
149
154
159
140
151
143
163
141
158
158
170
165
159
149
169
154
162
151
156
160
166
178
154
140
151
169
161
152
166
157
158
164
153
159
131
172
154
154
166
135
180
182
162
151
127
180
156
160
180
163
160
162
156
151
169
167
139
159
150
160
160
169
162
149
149
182
159
138
153
175
169
140
164
153
172
155
165
155
151
167
171
161
142
134
162
148
167
156
158
177
143
155
160
155
163
151
159
164
140
166
174
177
160
149
151
178
153
162
167
168
166
132
161
160
161
153
151
163
165
159
152
155
153
179
169
148
175
155
157
156
160
164
149
151
158
163
160
162
181
