65
56
56
54
53
75
56
42
51
61
52
69
71
63
58
62
50
68
65
61
44
63
55
60
49
65
52
62
47
57
40
50
44
57
53
58
48
50
55
55
49
50
54
62
66
56
59
65
53
65
42
57
48
59
54
51
54
58
62
56
58
64
66
55
51
47
56
52
51
62
53
54
54
78
60
68
49
44
57
61
50
58
40
56
48
63
53
41
57
62
64
61
60
54
59
46
65
48
46
60
58
48
55
53
61
44
47
57
52
54
46
48
59
51
61
58
53
63
57
55
64
60
50
50
51
48
60
64
58
58
61
55
54
55
59
53
38
63
64
55
54
47
66
56
62
55
63
58
58
52
57
50
53
58
50
64
54
65
75
50
56
47
65
49
65
53
53
65
66
52
47
68
50
54
62
48
54
61
50
66
52
76
66
54
62
51
55
57
59
51
52
59
55
68
63
55
56
58
47
60
56
56
59
64
62
55
54
45
58
65
69
60
57
51
57
62
60
61
58
40
65
67
45
49
56
48
59
52
52
72
56
63
57
63
47
56
56
61
59
61
59
55
52
56
49
66
45
53
46
62
65
54
43
60
54
59
67
69
64
55
46
62
64
58
56
61
52
63
46
57
56
61
48
58
52
50
55
59
56
55
48
59
51
59
57
57
56
50
54
56
55
56
57
43
57
60
54
50
63
58
44
49
62
50
54
59
56
58
58
70
62
45
66
57
53
60
68
61
61
46
55
50
62
61
60
59
69
54
53
57
54
60
55
56
48
45
50
53
58
68
57
49
54
58
55
65
53
53
51
61
53
57
60
58
61
52
55
57
58
47
55
50
55
52
54
56
65
60
56
49
59
61
61
57
47
51
64
60
56
71
51
48
57
49
56
60
64
59
55
55
43
55
67
56
52
46
61
51
47
53
50
61
60
58
62
53
55
59
55
52
48
57
62
58
51
53
59
44
66
65
65
64
63
52
51
43
52
71
53
61
66
44
57
58
51
58
64
66
51
51
42
48
61
45
62
60
36
43
43
50
51
50
65
53
55
52
50
63
58
53
45
55
66
61
53
63
50
69
65
51
59
45
55
65
49
47
55
56
56
56
54
59
51
50
62
64
45
66
63
43
46
61
51
64
54
66
58
51
46
56
56
44
48
68
57
52
45
60
65
47
59
47
61
57
53
63
61
54
54
48
54
50
63
57
64
54
53
55
52
68
52
49
48
64
33
61
60
67
60
57
51
55
45
64
72
54
51
66
52
54
54
51
70
70
54
54
55
70
51
50
59
58
69
66
55
55
48
74
58
70
72
65
52
64
58
48
59
49
53
61
66
63
55
42
55
68
53
51
60
58
52
62
54
46
53
48
51
63
52
69
51
57
45
52
51
62
55
49
68
62
56
52
51
53
44
52
51
56
56
49
63
53
60
53
60
79
43
52
54
44
50
53
63
54
52
59
55
50
53
51
65
64
57
55
53
61
59
57
51
63
52
71
67
49
50
57
54
54
56
67
50
61
60
68
54
59
49
74
54
66
53
52
68
53
61
53
64
42
72
56
55
36
66
57
49
60
57
66
61
58
70
59
54
61
52
60
60
45
60
62
52
57
68
51
53
57
77
61
66
76
55
60
64
69
57
53
56
57
54
65
52
60
48
59
62
54
56
56
47
52
46
59
53
54
47
67
54
46
46
57
68
57
55
53
56
58
57
44
61
49
59
50
50
61
50
65
53
55
60
57
38
55
62
52
61
60
55
48
47
55
48
69
57
71
60
60
60
56
52
51
53
54
40
52
54
60
54
58
54
51
52
44
67
62
50
44
52
55
65
66
53
47
45
49
57
50
65
58
64
57
58
48
55
49
39
55
46
47
57
58
53
56
64
52
54
63
60
47
68
57
69
72
63
62
58
52
54
60
48
49
52
55
66
64
61
54
51
56
65
51
59
60
65
66
62
65
57
56
50
52
58
60
63
62
59
56
52
52
58
61
46
58
57
56
55
69
62
47
73
55
55
54
61
58
61
53
55
45
57
44
50
55
56
45
68
45
48
70
54
58
50
57
55
49
47
38
57
57
61
73
53
52
56
57
64
54
59
67
58
60
56
58
69
63
49
52
46
62
52
48
49
60
56
60
64
49
63
65
65
59
59
67
57
46
56
50
55
55
47
54
67
63
66
47
55
59
63
57
52
53
61
52
51
58
56
58
54
45
45
41
73
68
63
62
58
53
57
43
57
69
50
51
46
45
47
66
61
54
66
40
49
53
53
48
57
57
53
71
55
52
