105
111
107
126
103
107
118
122
121
123
117
118
105
117
126
118
114
125
114
108
113
104
111
121
117
131
120
134
121
111
126
117
106
114
116
104
106
106
132
124
126
121
121
106
110
119
122
120
122
116
116
110
113
120
123
108
119
118
131
115
120
108
124
119
125
118
118
109
106
102
118
118
133
118
112
118
120
118
115
124
142
118
121
127
117
112
114
118
114
124
126
111
130
115
119
123
125
118
120
112
119
117
133
127
131
108
116
113
129
114
130
126
106
126
120
116
126
108
125
114
118
117
115
111
130
126
115
119
124
124
137
119
126
120
120
120
121
125
115
112
124
117
126
128
121
108
110
131
114
125
122
120
122
114
118
118
121
118
113
108
118
120
130
121
114
101
123
122
122
116
106
117
124
110
117
120
129
125
120
120
117
129
128
135
98
127
127
110
109
124
124
112
127
113
123
133
139
121
113
116
113
129
120
110
121
121
114
108
110
124
106
137
131
112
105
124
132
121
116
126
126
122
115
115
110
123
129
115
122
109
102
112
118
124
117
125
115
118
120
124
105
106
122
121
116
114
136
127
115
118
114
131
119
116
115
135
110
112
121
132
125
103
123
95
126
125
114
129
120
115
126
128
129
131
117
121
129
123
119
114
103
111
119
122
124
121
132
124
138
115
119
127
132
115
103
138
113
106
99
129
107
130
122
124
123
124
113
127
136
126
132
124
97
124
127
133
112
134
120
128
130
113
109
125
117
111
115
127
116
116
133
119
118
111
112
125
120
117
131
131
102
115
124
109
116
111
128
116
121
121
117
119
116
124
111
111
118
125
109
110
119
141
106
104
110
116
108
131
115
115
124
123
128
131
115
120
118
118
113
136
133
118
129
124
104
126
134
127
100
126
122
114
110
118
109
120
114
115
103
119
126
126
135
115
124
124
113
126
126
116
112
127
113
121
107
110
114
135
111
121
123
117
107
124
122
124
119
116
111
113
129
126
126
118
111
111
104
119
115
134
121
127
114
111
125
142
128
126
137
118
114
124
109
126
120
118
114
115
126
114
120
118
118
99
120
113
124
121
120
116
106
116
123
114
126
116
116
119
121
118
128
121
127
120
115
120
128
128
119
123
120
129
119
117
115
107
123
130
121
116
132
146
122
116
107
113
118
119
111
126
129
119
117
118
121
101
132
107
116
122
122
113
119
122
108
120
132
119
109
113
115
111
119
117
106
115
117
118
115
128
119
130
116
97
113
114
118
123
109
121
129
111
113
113
133
116
132
109
109
120
119
112
127
125
133
121
129
117
111
123
127
113
129
116
112
103
103
114
114
115
132
125
124
90
127
128
124
122
104
120
123
114
128
126
110
124
109
125
109
109
116
118
125
130
130
125
128
119
113
123
126
123
135
119
111
120
122
113
107
114
97
118
117
125
110
124
110
125
122
112
120
124
103
128
116
116
132
123
115
112
122
117
129
129
124
102
131
120
128
126
118
134
116
115
117
111
101
113
118
116
122
119
117
125
120
139
128
132
112
110
111
121
116
106
112
114
131
130
105
126
123
115
109
114
130
125
128
123
151
114
110
109
130
136
125
124
131
119
123
123
139
103
117
126
135
126
126
113
105
112
128
112
118
121
121
123
109
115
105
135
123
117
119
121
108
137
119
123
122
120
123
125
126
128
125
115
110
121
122
104
132
128
125
124
121
114
108
113
122
121
123
114
100
137
126
113
130
122
108
120
140
126
105
133
119
118
127
141
112
108
133
114
112
124
112
125
119
112
124
137
126
125
101
131
121
120
136
118
122
123
118
120
126
115
102
132
119
121
120
122
110
114
120
123
124
123
125
138
96
111
113
124
129
108
126
123
133
107
122
119
122
132
111
121
114
116
109
127
122
110
132
110
119
120
122
111
130
118
106
135
110
115
125
117
107
125
116
136
107
148
111
118
122
118
127
124
116
117
117
119
136
109
116
127
125
123
120
123
108
98
124
124
117
124
114
113
121
105
123
116
121
113
127
113
125
111
135
115
109
107
115
123
134
111
107
120
112
123
111
118
124
128
105
104
116
115
118
117
126
122
115
118
101
117
108
122
130
125
117
115
111
126
116
119
115
106
123
129
125
129
134
127
122
120
126
122
123
108
135
120
115
132
135
100
122
120
115
108
129
105
121
122
116
114
110
108
124
124
134
110
123
126
124
114
119
133
111
130
117
115
123
110
126
119
114
129
117
130
116
129
122
127
123
125
112
122
125
116
125
122
124
123
125
126
122
107
123
103
117
112
