161
160
148
169
159
146
155
155
132
162
155
161
152
140
164
158
175
133
149
153
156
146
156
153
154
150
170
160
135
168
164
171
163
145
149
158
159
148
163
163
151
154
151
150
156
139
161
160
156
131
169
148
151
154
166
150
157
160
157
149
158
148
164
156
155
160
155
161
154
158
155
174
153
154
168
135
178
149
146
161
156
152
158
175
152
161
161
165
147
149
149
164
150
160
154
159
146
151
161
148
160
156
144
160
146
157
158
157
143
168
145
165
144
135
164
158
162
140
142
164
153
159
152
160
161
148
151
160
160
160
154
163
156
163
142
154
169
151
166
154
169
136
164
155
143
152
160
154
171
152
167
154
161
161
145
161
155
155
150
158
163
143
167
157
148
143
154
155
141
149
155
157
156
159
169
166
156
173
161
144
158
148
141
152
172
147
159
160
140
158
141
166
142
139
147
138
154
153
161
150
138
165
160
147
170
149
159
156
167
149
151
159
157
153
158
157
134
169
159
161
158
143
155
173
165
143
153
172
160
147
185
157
147
144
149
143
152
154
142
151
154
165
165
150
154
145
156
166
141
157
149
160
171
149
169
163
153
155
166
160
178
164
154
164
150
161
166
144
161
143
153
143
163
150
148
147
167
153
157
156
152
159
156
152
151
162
146
143
154
136
160
152
144
156
170
162
133
151
155
148
154
158
164
162
145
141
146
151
146
150
152
170
163
154
180
152
175
149
150
160
148
144
157
159
141
159
144
136
152
163
170
168
160
160
156
154
149
156
171
138
155
171
151
162
146
149
170
150
138
151
158
146
156
155
157
154
150
155
148
164
159
150
147
162
163
166
155
152
148
131
150
169
152
129
147
152
170
142
155
138
148
158
142
166
157
165
169
162
118
154
161
154
152
138
153
163
157
158
146
162
163
160
160
161
163
160
138
162
163
150
150
144
163
155
167
141
140
149
141
153
141
163
154
155
146
146
157
152
154
140
147
169
156
144
161
156
143
171
161
151
169
160
139
166
145
158
137
153
154
143
165
174
168
143
166
155
148
165
175
149
156
139
141
153
150
161
178
156
149
158
150
155
173
163
145
176
147
166
146
156
147
141
143
158
162
167
170
138
157
166
171
151
161
158
150
176
157
149
159
135
152
150
163
138
161
172
160
157
173
157
152
163
154
176
148
151
142
153
171
158
167
150
150
152
153
160
148
153
159
163
130
147
162
160
166
146
162
152
144
174
157
165
156
151
136
149
150
157
155
165
151
158
154
164
147
178
166
151
145
150
148
152
152
143
153
145
167
144
138
145
154
158
174
165
163
147
141
144
140
156
154
158
146
155
148
154
165
166
156
161
150
148
156
157
159
154
150
163
164
160
166
148
144
168
162
151
140
156
144
163
142
166
145
153
162
158
164
166
160
162
151
136
145
170
141
147
164
164
160
173
158
160
146
169
153
150
155
168
137
158
147
173
163
152
166
168
157
158
140
174
156
148
151
148
166
145
157
167
154
153
154
161
143
160
179
152
167
165
159
154
152
151
176
166
155
145
161
154
154
164
154
166
168
147
159
159
159
156
159
149
151
154
143
149
165
160
156
152
143
141
153
136
171
153
158
153
150
151
165
148
160
156
153
147
158
161
136
163
144
150
155
152
153
171
155
166
153
155
167
155
150
164
141
145
150
154
162
160
167
163
158
167
137
134
134
151
158
159
136
144
141
151
145
160
156
156
151
157
160
150
143
165
137
152
154
176
152
162
140
157
153
147
163
145
150
143
155
165
156
140
169
149
153
166
155
179
151
140
168
149
154
159
176
156
152
138
160
170
156
147
169
172
165
154
171
159
154
165
143
148
151
152
145
168
166
167
155
170
157
153
166
182
158
164
153
148
164
161
143
139
159
164
157
174
151
158
157
165
147
165
156
146
165
168
169
142
147
153
163
161
147
162
150
152
163
160
159
154
168
150
156
150
154
145
161
147
166
160
168
145
159
143
154
146
145
164
147
170
167
136
156
171
158
152
174
147
149
154
147
146
169
144
143
141
158
168
138
152
144
161
150
155
153
157
144
172
154
137
164
155
163
169
126
153
162
163
151
173
158
149
140
159
158
151
147
157
163
146
155
156
133
151
145
152
163
143
144
164
149
151
154
161
156
158
152
162
155
139
164
159
155
155
169
144
161
152
158
149
143
167
160
144
142
166
155
160
157
156
154
165
146
163
162
141
159
150
159
145
165
140
147
143
150
145
151
154
151
156
153
145
153
145
165
153
174
155
134
171
141
152
