132
123
131
125
129
122
122
125
111
129
129
110
125
130
120
125
120
121
123
119
121
132
124
120
114
120
130
124
118
130
116
109
121
124
123
127
125
119
127
129
130
128
130
125
117
134
122
114
127
118
122
123
114
126
121
117
115
131
118
127
125
118
121
122
125
123
117
126
137
131
125
124
130
116
118
125
126
122
122
118
118
113
124
127
126
131
121
126
123
130
130
125
109
119
113
121
120
126
124
120
116
143
123
123
114
128
127
119
115
124
131
124
123
129
126
136
122
133
133
132
122
116
115
113
123
122
120
122
127
122
115
132
128
118
124
118
131
120
125
121
138
127
106
136
130
124
124
121
127
130
123
132
123
124
123
128
122
112
125
127
117
123
124
126
119
136
118
126
132
122
115
115
122
127
122
113
134
119
105
122
120
120
134
122
124
119
129
127
122
125
127
117
120
116
135
137
127
124
123
130
113
118
111
112
127
115
121
126
116
116
128
128
131
124
119
122
123
124
123
124
123
128
130
119
120
119
114
122
119
121
126
119
125
120
127
126
131
119
136
122
123
119
120
123
125
125
126
137
125
132
127
126
137
126
133
122
129
126
127
132
124
123
112
118
128
136
131
127
125
116
116
130
121
109
140
122
121
130
119
121
138
120
118
125
114
136
115
125
132
130
121
128
110
126
111
117
120
112
124
125
120
120
125
125
106
132
122
118
121
128
122
121
132
135
119
115
126
117
116
127
120
124
117
134
116
120
123
109
119
127
119
132
128
119
118
123
123
119
116
125
128
129
127
118
118
130
124
122
128
120
112
122
135
129
115
123
127
123
117
123
138
125
127
131
131
129
121
110
124
129
141
117
119
118
120
117
116
135
124
124
122
131
117
124
125
117
145
122
115
126
119
125
135
125
122
128
121
119
126
127
122
121
122
106
113
129
128
129
118
134
127
132
125
122
130
127
121
122
130
128
111
124
126
119
121
130
136
132
123
122
129
118
110
120
133
131
120
122
132
117
111
124
123
109
121
116
134
115
119
129
125
140
109
119
117
121
120
129
116
116
129
111
118
124
126
126
126
132
125
115
120
124
119
124
113
119
122
120
124
115
125
132
123
115
119
134
106
112
124
121
119
131
137
116
119
128
119
125
130
131
128
128
128
121
117
128
118
128
121
123
122
131
126
137
117
131
139
118
126
128
131
122
119
123
129
114
134
121
130
118
128
123
124
123
132
125
124
115
129
115
122
125
125
122
116
131
133
105
125
130
137
126
117
116
124
117
117
131
124
128
114
121
122
120
119
130
133
131
130
129
117
122
126
130
118
127
116
127
133
123
127
128
129
116
121
127
121
114
128
108
130
116
128
106
114
121
122
133
128
123
127
120
120
121
124
109
122
125
123
125
127
125
120
114
117
114
137
127
122
128
125
110
134
127
127
123
122
142
129
129
126
132
120
123
125
126
113
125
129
128
122
130
116
121
130
121
120
132
120
126
123
121
110
123
126
114
122
113
136
125
115
128
122
122
120
117
123
119
126
127
121
123
111
126
138
124
134
128
115
119
125
131
132
132
118
109
133
128
128
131
121
119
134
110
127
112
132
128
113
128
124
117
122
123
124
119
133
123
132
120
124
120
130
126
122
112
135
117
123
129
115
116
118
127
122
127
112
124
122
122
119
126
116
138
119
126
126
139
133
126
119
123
121
130
113
131
119
123
119
117
127
110
128
130
126
123
117
112
122
111
123
110
131
138
133
122
129
121
124
122
121
128
130
130
121
121
122
113
121
124
133
120
124
133
127
125
116
130
126
133
122
130
140
131
127
127
127
120
124
131
129
128
129
120
121
114
115
121
127
116
128
120
115
128
128
123
119
122
127
123
122
124
130
128
127
120
126
113
137
122
122
129
122
115
120
122
122
130
125
111
126
119
126
130
115
105
116
120
128
106
122
126
122
132
132
132
116
123
126
118
137
118
120
132
129
128
132
117
130
123
126
125
111
121
121
123
121
128
121
134
137
118
133
120
116
122
124
128
133
127
114
119
120
129
115
126
111
122
137
133
117
122
107
124
128
119
113
127
110
122
121
127
124
141
126
126
121
129
129
128
109
129
127
119
130
113
122
132
128
125
112
133
117
130
122
131
123
122
117
121
128
121
126
129
127
130
116
115
120
121
116
122
117
116
116
127
119
126
120
127
135
111
115
133
125
118
121
124
122
127
113
131
128
120
121
113
116
122
123
129
114
124
132
121
130
120
128
114
128
120
122
135
111
124
114
134
113
138
114
130
