59
51
58
47
55
54
54
47
50
55
58
58
59
55
48
59
55
55
58
48
60
58
53
51
56
57
56
62
52
55
58
52
54
58
60
45
50
62
66
66
59
60
51
48
58
57
49
47
57
51
50
48
52
57
48
53
61
49
55
56
57
54
54
53
52
55
55
58
51
45
50
51
54
54
45
51
54
54
61
54
56
51
48
56
60
63
57
56
50
60
44
54
55
56
56
53
58
61
51
56
50
55
68
54
52
56
54
51
55
54
58
55
53
48
61
52
49
53
61
52
53
56
49
47
52
58
61
61
51
53
50
58
61
53
50
62
58
52
58
55
62
52
56
57
58
57
49
52
51
48
53
58
53
50
64
58
60
56
59
54
54
56
51
52
58
49
52
66
53
54
52
52
52
67
53
56
62
58
54
59
57
51
55
55
49
50
58
57
43
51
54
64
57
55
50
54
54
52
59
48
54
52
61
50
57
62
57
59
59
51
45
50
51
54
55
60
58
51
53
52
55
48
52
51
58
50
63
59
51
50
64
56
54
56
48
55
65
50
58
63
55
49
53
52
55
56
59
52
53
48
53
47
53
54
45
49
58
60
57
54
49
67
59
48
49
51
52
52
51
55
60
54
48
53
55
45
56
52
44
58
57
52
62
56
55
49
52
53
49
56
55
51
61
42
59
47
58
51
53
61
55
50
55
53
56
55
58
59
61
56
58
49
64
53
45
52
54
54
52
53
51
56
60
64
50
53
61
58
63
51
49
54
56
54
50
59
57
56
61
59
51
53
60
62
55
49
54
55
49
57
54
53
48
60
46
48
60
59
50
49
55
45
46
65
47
53
58
53
54
47
45
58
50
55
54
58
53
57
57
55
45
52
55
55
49
62
58
57
55
51
66
57
58
56
61
59
58
58
50
55
47
48
54
60
61
55
65
60
49
53
56
55
46
55
58
54
54
57
57
67
51
55
54
53
51
49
53
57
53
54
51
55
63
49
52
58
52
62
51
64
47
52
53
55
58
50
49
60
59
57
58
52
59
48
52
52
51
56
55
57
54
54
55
57
55
58
48
56
59
53
49
56
60
52
52
48
57
41
47
62
56
54
55
56
58
64
51
55
52
44
53
56
50
60
46
51
55
56
58
60
63
59
48
50
52
52
58
50
52
51
53
57
63
50
54
59
51
56
54
60
47
55
58
64
48
61
50
55
60
51
59
53
57
52
58
60
57
47
55
51
50
53
51
66
55
59
66
60
56
58
57
55
47
45
49
55
54
53
51
58
48
47
58
51
56
55
59
48
59
60
53
55
57
50
46
49
51
57
56
52
57
61
57
52
58
52
53
54
57
59
51
53
54
57
53
47
52
59
51
52
58
58
53
55
57
55
61
56
55
59
60
58
51
57
63
60
46
55
54
64
57
58
50
53
53
52
59
60
51
60
46
50
56
52
52
63
55
48
48
59
59
58
54
63
53
48
54
57
51
49
55
62
66
57
51
54
51
51
44
50
54
58
56
64
56
60
51
50
54
48
58
52
56
53
60
56
51
52
64
47
61
51
51
46
53
65
56
59
65
58
52
51
55
50
55
56
60
58
49
57
57
54
62
58
53
54
49
50
50
53
55
51
46
56
53
44
53
52
49
63
58
58
59
56
43
40
58
54
55
53
55
59
53
58
53
55
53
61
52
57
52
50
56
59
61
51
49
55
54
57
54
49
48
55
44
61
49
55
54
62
53
54
48
60
58
55
52
51
49
52
52
52
52
55
47
64
52
46
56
57
59
57
56
47
55
56
59
60
50
54
61
55
55
44
51
56
56
53
53
55
48
59
50
53
57
49
63
48
40
60
53
59
57
59
56
50
52
53
57
53
61
55
46
56
58
51
56
67
54
61
54
69
59
59
55
51
51
61
67
52
50
48
53
50
59
58
50
55
55
59
50
61
53
50
52
51
60
51
48
54
61
52
54
57
57
51
57
50
48
53
45
55
53
55
52
58
56
51
51
49
45
52
61
60
58
44
49
53
56
45
53
64
53
48
56
63
58
54
51
55
55
56
56
53
56
47
60
48
55
57
57
55
50
54
51
61
54
56
58
55
51
57
56
59
54
46
53
56
61
49
57
55
55
56
45
59
56
53
57
56
46
57
53
56
59
54
54
54
56
57
54
58
49
55
59
52
50
49
65
57
53
50
48
58
55
63
52
57
60
45
57
51
54
65
52
54
58
62
49
52
60
56
52
60
52
55
58
55
59
47
53
50
50
55
58
43
50
57
52
55
