338
331
345
350
347
342
347
339
344
348
339
338
339
344
346
331
344
334
340
345
346
348
323
335
351
340
344
359
339
345
332
340
342
338
351
354
344
341
340
344
334
343
342
329
338
337
344
334
344
345
339
343
335
343
333
349
348
336
336
340
335
349
342
337
347
340
339
341
333
339
337
351
347
342
338
328
330
342
340
340
349
339
348
346
340
337
339
349
350
326
348
339
345
333
343
332
352
324
346
335
336
335
335
325
342
340
350
342
336
343
338
341
346
339
346
350
340
351
334
342
336
353
332
337
348
349
361
336
337
339
345
337
336
347
344
333
347
342
342
346
335
326
355
334
337
341
341
340
336
338
352
343
339
345
337
338
344
342
340
344
344
337
339
346
332
343
347
347
330
342
346
342
343
350
338
338
346
336
341
343
333
331
338
344
340
340
339
344
343
331
336
327
349
345
339
337
338
338
329
346
338
345
346
348
345
343
344
333
339
350
343
354
329
330
331
337
349
338
343
339
353
327
346
328
342
348
335
347
356
347
349
352
334
346
319
352
331
349
343
344
355
353
337
336
335
340
344
331
343
348
342
331
343
348
332
330
331
344
347
328
335
336
342
340
337
347
331
353
341
331
337
347
336
342
339
339
344
343
336
341
325
349
330
342
342
340
337
327
332
348
341
351
321
339
340
329
330
341
359
348
344
337
347
334
339
338
347
330
337
351
335
343
342
340
343
337
338
343
336
338
338
339
341
335
334
329
345
332
350
349
331
339
337
348
341
341
332
338
338
339
349
357
336
347
334
340
339
313
346
340
355
343
344
351
338
346
336
341
342
343
343
340
350
327
346
340
341
330
353
353
344
341
346
332
338
338
343
340
341
336
338
352
339
342
336
340
339
331
333
332
334
338
338
335
342
344
344
338
336
334
344
348
338
338
336
336
335
337
336
337
342
339
341
339
345
337
336
336
343
337
337
352
334
333
341
346
338
342
345
348
332
340
331
334
343
331
338
345
325
333
345
342
336
343
340
341
343
336
337
339
338
330
332
347
343
346
347
339
343
337
351
328
347
338
338
354
344
349
350
342
342
343
331
344
344
341
337
345
347
332
338
344
332
334
357
341
351
328
343
344
341
340
338
338
342
351
345
337
345
334
336
341
334
335
333
343
343
343
340
339
342
331
348
346
337
337
340
344
342
351
341
340
339
345
338
348
340
344
340
335
344
333
344
330
355
353
343
343
340
352
340
349
346
333
344
345
343
340
339
347
339
343
347
342
356
343
336
330
351
332
326
348
337
345
350
343
347
332
341
345
331
336
353
344
339
347
338
350
348
338
346
346
332
343
346
346
344
350
344
340
342
343
353
347
342
333
347
346
337
348
358
325
340
330
353
333
340
337
335
332
334
347
341
350
343
345
341
358
339
334
343
334
343
343
347
347
336
339
334
333
341
338
336
347
338
336
342
343
334
337
328
342
342
353
340
336
338
341
333
344
339
335
332
334
336
353
347
342
341
341
350
337
336
332
330
323
345
345
341
347
338
348
333
351
332
344
339
343
338
334
338
348
340
337
344
340
342
336
334
358
347
348
338
347
336
344
329
335
340
324
341
333
345
347
341
344
342
336
342
336
341
349
349
342
334
356
339
341
334
341
329
335
345
345
336
328
334
347
342
336
354
353
339
342
329
339
348
346
343
358
335
348
333
337
345
340
344
339
330
348
332
331
345
338
340
337
334
342
325
329
324
342
345
347
343
346
337
342
335
340
329
358
331
337
348
348
344
341
342
350
334
341
348
343
337
347
339
348
352
343
331
340
349
349
340
336
344
346
335
342
336
352
349
345
342
345
331
343
346
331
342
335
345
347
330
345
340
334
348
334
340
340
352
340
343
347
333
341
340
338
342
348
348
339
353
349
343
333
338
348
347
346
348
349
336
351
335
345
342
345
347
344
337
331
346
336
346
336
343
354
352
348
330
337
337
335
342
346
343
343
335
339
339
343
355
343
346
340
339
326
345
336
326
347
340
339
345
325
332
343
351
352
339
342
345
344
348
341
354
345
352
332
340
339
339
339
330
341
346
339
334
346
333
345
341
335
340
335
350
334
335
355
353
337
335
336
337
328
348
334
337
340
343
346
343
334
342
345
347
329
337
336
336
333
338
353
328
338
341
342
353
343
338
340
347
335
337
342
342
345
347
336
337
340
341
337
334
333
341
342
338
343
339
343
339
333
355
343
334
329
341
344
338
341
345
329
353
344
351
337
343
342
342
334
343
336
341
339
345
332
