184
188
182
177
172
168
183
176
184
191
180
178
180
178
179
185
187
185
176
181
184
181
177
169
186
180
169
174
171
179
184
185
174
174
177
185
180
172
176
173
179
180
172
171
178
188
174
174
176
177
178
188
174
190
186
160
188
185
181
178
182
180
192
188
186
180
177
176
175
171
189
179
167
175
163
185
188
179
174
182
183
186
180
182
173
175
170
179
181
192
188
176
191
176
181
172
185
183
174
178
184
185
175
183
181
184
180
190
182
186
175
183
183
171
175
173
180
172
189
169
183
190
180
191
169
172
168
190
178
168
175
173
181
176
174
179
182
188
179
188
186
185
184
192
172
178
178
184
173
188
178
176
179
179
189
171
176
199
185
170
187
188
175
183
183
179
186
186
172
193
183
175
184
173
186
177
175
172
181
177
179
164
184
175
170
173
185
169
186
168
186
180
186
175
181
181
173
188
176
173
169
188
177
173
183
184
179
178
173
173
178
191
177
184
178
179
189
182
186
178
167
190
182
184
181
183
187
193
174
189
181
193
185
188
189
180
175
172
176
180
168
177
195
169
181
175
183
185
178
197
182
184
178
188
175
187
191
180
184
187
178
177
183
173
192
176
178
187
185
186
185
181
171
182
178
185
186
187
171
188
183
174
187
174
180
181
176
185
175
189
185
191
176
176
173
185
180
188
178
184
183
184
193
191
178
176
181
173
186
186
170
181
180
185
173
174
185
176
191
183
184
183
175
177
179
174
187
177
162
182
183
185
174
178
169
177
186
181
179
192
174
174
176
180
181
183
181
182
186
186
183
184
178
178
167
183
173
171
187
177
179
182
170
178
179
189
172
171
177
185
181
182
169
173
185
178
180
197
176
188
181
179
179
179
182
183
181
182
188
181
170
185
176
191
188
182
185
185
182
182
182
174
181
185
175
173
178
181
170
175
178
183
192
185
180
162
180
182
170
179
184
179
182
181
185
176
188
184
185
171
181
178
190
179
178
180
187
188
181
184
186
186
187
180
175
194
185
181
179
177
182
170
185
181
184
179
181
174
181
170
171
190
188
172
185
184
194
183
175
187
182
173
188
181
175
180
179
175
171
187
185
183
186
189
179
178
186
184
191
184
181
188
182
169
180
175
174
179
187
171
184
192
192
186
177
190
162
182
176
174
176
181
190
169
196
185
174
178
170
190
184
185
180
186
184
168
175
188
178
180
181
179
185
179
187
177
176
187
181
173
174
173
190
174
182
177
183
175
180
185
183
176
174
192
179
171
194
183
177
180
178
184
189
174
195
177
195
177
191
183
180
195
170
178
179
181
177
162
190
173
179
182
190
184
181
178
184
185
177
180
176
175
180
181
177
188
170
173
183
176
182
173
181
177
182
186
181
181
187
179
182
188
194
178
189
186
184
178
190
172
180
173
187
184
175
182
165
177
170
179
174
190
179
177
171
186
168
176
189
181
179
182
189
185
177
162
175
173
189
180
170
178
189
183
179
192
186
185
194
192
191
176
179
177
183
181
175
175
188
197
183
187
181
174
181
173
189
190
167
188
177
190
183
193
189
179
171
185
185
179
170
191
176
185
182
188
194
174
188
170
185
182
174
192
181
169
184
171
171
190
190
181
168
179
174
175
190
174
183
182
181
174
177
189
174
186
188
182
174
174
180
185
180
167
182
181
173
179
189
179
178
176
178
190
186
188
180
161
174
164
170
181
170
164
162
182
186
183
176
181
180
189
183
186
183
181
169
182
177
176
179
175
174
182
185
183
188
184
161
177
174
176
175
191
180
194
180
187
176
183
199
189
164
179
180
178
180
194
171
177
174
183
175
182
186
174
188
186
175
172
171
183
177
185
183
178
188
183
177
185
176
179
170
181
179
180
180
189
192
180
175
183
161
186
185
180
174
185
180
178
179
183
176
184
183
185
178
180
170
174
175
177
178
184
176
174
183
171
176
176
165
178
182
197
174
187
183
174
174
170
192
189
183
171
176
178
185
195
174
184
184
172
182
181
179
185
171
185
179
174
185
174
179
173
178
183
179
191
190
183
183
177
173
177
175
184
172
176
182
175
182
188
180
179
169
178
173
172
167
171
170
176
187
185
188
192
190
179
178
182
174
176
177
190
184
177
182
187
187
182
190
176
187
168
193
162
181
175
184
178
181
197
174
174
180
176
183
198
189
165
180
169
181
173
168
183
172
171
182
182
173
170
191
188
168
172
182
182
177
175
192
184
175
179
182
185
185
179
179
164
186
184
181
180
170
177
188
181
181
178
