507
509
477
484
471
500
498
495
508
479
491
479
501
498
491
504
483
494
497
482
467
496
506
492
490
480
484
483
498
492
495
488
506
489
484
488
503
475
498
483
492
493
494
500
494
493
487
504
492
491
489
500
492
482
483
491
484
484
501
492
479
481
483
484
474
490
488
483
499
475
495
506
493
497
490
506
499
500
493
494
485
496
500
485
485
501
496
483
478
489
489
483
494
489
499
491
491
499
493
493
501
476
482
502
492
481
493
488
480
489
491
487
498
485
495
486
485
491
488
489
487
495
497
494
458
494
499
499
515
495
489
495
503
479
484
507
493
482
486
491
487
516
486
484
496
496
493
494
493
495
484
501
492
489
494
496
510
499
501
479
494
483
486
495
500
511
482
498
503
499
489
487
482
484
493
481
494
493
492
491
495
485
503
490
486
503
490
491
492
491
490
506
494
491
517
500
481
488
498
486
491
492
482
482
485
488
498
491
496
483
490
490
486
492
488
479
488
498
515
489
470
508
480
491
495
479
485
490
493
497
487
481
493
467
520
488
497
488
500
489
491
487
491
492
484
485
473
495
484
497
499
508
482
494
501
496
505
474
484
489
484
500
498
514
502
497
485
474
486
507
488
487
489
488
488
499
482
482
497
501
493
487
497
491
489
487
495
495
485
488
499
497
503
484
495
503
489
481
497
489
502
496
480
483
487
488
500
498
501
477
487
480
507
491
500
497
504
475
489
474
488
497
485
496
499
489
493
486
490
476
506
493
491
491
492
498
483
489
470
499
476
497
495
470
494
492
481
503
502
501
476
493
484
492
507
493
496
504
489
494
487
497
481
501
492
505
498
492
496
494
507
494
491
489
503
491
473
488
474
498
511
501
476
487
492
483
496
492
488
478
500
488
493
494
484
482
483
496
496
488
478
481
473
497
485
480
490
489
484
491
491
500
489
481
493
486
486
493
502
498
490
489
504
507
498
489
478
487
481
496
510
484
497
495
498
501
490
482
496
505
488
471
496
492
502
497
492
485
492
501
496
485
490
479
495
477
500
501
489
497
480
495
488
489
489
486
488
489
497
497
478
495
486
511
490
477
492
490
479
512
492
510
499
490
485
494
481
504
492
502
488
497
488
502
489
483
498
492
503
504
485
485
494
493
499
499
493
503
492
486
493
493
505
499
498
504
496
476
493
489
497
490
485
480
492
489
477
492
502
494
489
500
486
493
471
495
495
500
502
482
499
494
478
513
484
483
485
483
491
486
488
500
488
498
486
479
482
492
500
489
503
495
499
490
484
494
479
494
496
480
485
482
476
495
483
484
487
496
479
487
488
485
505
481
494
481
478
491
483
486
491
498
472
493
492
493
485
485
485
478
480
515
484
492
491
502
503
491
501
499
510
487
506
493
488
501
494
480
511
503
504
501
498
489
498
496
495
502
474
494
494
485
503
476
490
498
491
487
494
498
500
485
475
504
490
507
484
503
497
488
498
492
504
508
485
486
499
495
489
493
509
482
490
504
495
509
493
490
482
495
489
495
495
484
493
490
489
502
485
484
499
491
481
502
491
493
501
509
506
483
488
488
487
500
484
509
495
486
497
498
486
496
486
500
493
493
491
486
474
482
493
498
501
491
495
493
497
487
493
489
500
500
493
482
500
488
508
486
493
492
474
474
504
489
498
485
472
479
486
494
497
477
497
502
483
473
485
485
501
507
506
502
492
489
487
497
482
494
494
501
487
501
502
494
486
481
484
475
507
484
490
484
497
505
480
479
486
503
487
496
481
491
484
481
487
494
488
481
478
500
485
491
501
490
489
493
484
477
479
481
497
485
484
501
477
490
498
483
485
493
482
491
480
490
498
482
511
500
491
501
495
487
492
502
495
495
491
503
508
489
492
488
489
487
494
515
492
493
500
472
495
489
478
488
493
480
498
483
488
499
494
496
501
501
484
495
483
484
489
483
483
481
508
489
493
498
497
483
498
516
490
496
484
478
471
502
494
495
483
506
485
494
495
486
478
496
483
499
489
501
492
493
496
490
497
490
492
498
476
475
495
480
501
484
497
484
495
490
488
492
505
477
498
487
488
488
499
496
479
498
500
490
492
496
483
486
482
499
488
486
502
496
489
492
489
508
497
495
488
493
496
497
487
502
493
487
502
494
487
493
487
489
499
488
482
499
495
494
493
481
491
494
499
495
505
491
480
501
504
502
490
496
480
484
482
479
484
485
481
489
492
501
487
495
499
499
478
494
486
491
489
481
494
507
482
496
501
497
498
503
